199
MT-4_1_490 0.0000000 0.0015049 0.0327249 0.0095771 0.0181597 0.0187651 0.0087522 0.0124409 0.0187681 0.0192146 0.0070235 0.0078437 0.0181435 0.0240565 0.0040237 0.0131397 0.0238854 0.0176861 0.0246954 0.0113378 0.0233243 0.0196920 0.0156449 0.0098491 0.0223074 0.0222689 0.0050064 0.0237321 0.0222319 0.0046356 0.0166855 0.0189152 0.0215635 0.0094459 0.0117469 0.0103895 0.0061330 0.0123021 0.0042683 0.0247055 0.0055021 0.0077044 0.0063812 0.0247394 0.0145821 0.0055015 0.0139940 0.0061277 0.0217472 0.0246549 0.0245671 0.0063815 0.0217151 0.0205785 0.0030465 0.0187651 0.0196551 0.0194859 0.0035370 0.0190640 0.0186147 0.0208835 0.0205731 0.0195087 0.0022115 0.0192138 0.0212099 0.0002276 0.0181419 0.0036585 0.0205761 0.0205954 0.0025682 0.0204055 0.0191095 0.0204098 0.0196612 0.0213987 0.0207297 0.0187805 0.0010381 0.0182958 0.0181412 0.0205697 0.0213646 0.0005740 0.0193638 0.0197502 0.0197871 0.0006895 0.0187499 0.0195148 0.0205847 0.0012702 0.0185921 0.0000010 0.0194764 0.0199396 0.0017391 0.0204096 0.0383163 0.0347028 0.0291928 0.0414164 0.0211791 0.0312877 0.0228882 0.0316835 0.0277994 0.0310419 0.0331265 0.0380024 0.0217217 0.0257815 0.0195367 0.0298355 0.0212528 0.0305564 0.0220402 0.0431847 0.0267555 0.0338366 0.0423685 0.0375099 0.0221075 0.0296722 0.0191857 0.0359153 0.0386478 0.0193411 0.0291543 0.0198028 0.0250721 0.0345871 0.0389680 0.0186789 0.0194589 0.0353819 0.0234049 0.0202581 0.0220876 0.0196970 0.0258994 0.0255457 0.0414297 0.0343083 0.0282807 0.0332944 0.0348256 0.0198026 0.0220633 0.0260498 0.0335644 0.0219300 0.0348852 0.0335613 0.0218823 0.0285620 0.0234041 0.0337985 0.0216127 0.0341252 0.0289338 0.0269243 0.0346006 0.0296745 0.0275529 0.0327058 0.0201115 0.0243464 0.0328094 0.0283008 0.0337027 0.0344226 0.0321108 0.0255491 0.0328991 0.0337645 0.0335979 0.0338084 0.0233789 0.0196460 0.0335163 0.0270925 0.0344940 0.0210776 0.0207969 0.0233370 0.0199742 0.0209184 0.0338322 0.0340291 0.0270206 0.0276405 0.0349235 0.0265515 0.0295079 0.0562209 0.0196920 
MT-4_1_430 0.0015049 0.0000000 0.0320802 0.0082398 0.0167772 0.0173714 0.0073081 0.0111827 0.0173741 0.0178128 0.0053766 0.0061619 0.0167627 0.0232975 0.0025622 0.0118684 0.0234578 0.0163145 0.0242611 0.0101002 0.0224540 0.0182799 0.0143199 0.0083704 0.0214508 0.0214140 0.0036525 0.0229769 0.0213788 0.0032898 0.0153397 0.0175187 0.0207198 0.0079760 0.0105020 0.0091620 0.0045090 0.0110465 0.0028104 0.0246042 0.0038950 0.0060323 0.0047522 0.0246378 0.0132718 0.0038945 0.0127059 0.0045052 0.0209002 0.0244311 0.0241333 0.0047523 0.0208697 0.0197487 0.0015034 0.0173714 0.0182379 0.0180730 0.0022144 0.0176649 0.0172241 0.0200501 0.0197435 0.0180939 0.0005718 0.0178121 0.0203719 0.0018582 0.0167615 0.0020964 0.0197464 0.0197644 0.0012695 0.0189759 0.0177070 0.0195821 0.0182437 0.0205572 0.0198981 0.0173857 0.0006873 0.0169124 0.0167609 0.0197402 0.0205247 0.0011531 0.0179594 0.0183350 0.0183690 0.0006885 0.0173576 0.0181077 0.0197543 0.0003425 0.0172035 0.0015051 0.0180641 0.0185188 0.0003423 0.0190196 0.0371759 0.0342276 0.0279749 0.0402382 0.0197766 0.0303897 0.0217587 0.0305540 0.0268220 0.0305792 0.0324863 0.0372086 0.0203062 0.0246070 0.0181277 0.0288614 0.0201480 0.0295746 0.0209243 0.0422490 0.0258106 0.0331919 0.0411803 0.0363496 0.0209880 0.0284445 0.0177866 0.0348049 0.0375342 0.0179388 0.0283527 0.0187202 0.0239095 0.0334923 0.0378185 0.0176146 0.0183828 0.0346207 0.0222669 0.0191696 0.0209694 0.0182845 0.0247250 0.0243771 0.0405075 0.0332149 0.0274926 0.0321771 0.0339530 0.0183915 0.0206056 0.0248779 0.0327325 0.0204727 0.0339310 0.0324427 0.0204291 0.0275093 0.0219174 0.0328560 0.0201614 0.0334654 0.0278761 0.0255777 0.0334624 0.0286064 0.0265163 0.0315953 0.0186947 0.0228436 0.0317001 0.0272544 0.0329381 0.0334748 0.0310091 0.0240207 0.0317841 0.0331077 0.0324739 0.0326842 0.0218943 0.0182380 0.0323942 0.0257438 0.0335453 0.0196407 0.0193633 0.0218556 0.0185586 0.0194846 0.0330676 0.0331944 0.0258337 0.0262805 0.0340781 0.0252126 0.0284413 0.0544694 0.0182799 
MT-2_2_340 0.0327249 0.0320802 0.0000000 0.0252652 0.0194031 0.0191017 0.0251838 0.0228235 0.0191047 0.0189569 0.0263909 0.0251759 0.0195564 0.0318463 0.0304007 0.0225192 0.0325322 0.0197195 0.0328785 0.0236529 0.0302989 0.0194150 0.0208405 0.0249267 0.0288711 0.0281750 0.0300260 0.0320225 0.0276625 0.0288445 0.0203799 0.0192467 0.0272746 0.0253374 0.0236420 0.0247012 0.0281011 0.0231289 0.0306554 0.0334671 0.0284326 0.0252158 0.0268191 0.0336922 0.0212251 0.0295713 0.0218210 0.0271088 0.0271513 0.0334523 0.0329225 0.0271387 0.0269528 0.0253233 0.0318402 0.0191017 0.0227632 0.0224051 0.0301392 0.0193904 0.0203448 0.0258305 0.0248911 0.0228839 0.0348283 0.0192452 0.0263392 0.0339224 0.0197314 0.0322950 0.0253204 0.0237232 0.0337393 0.0232241 0.0219070 0.0235336 0.0227335 0.0264677 0.0253614 0.0212775 0.0337527 0.0192796 0.0197200 0.0248871 0.0264972 0.0337802 0.0191002 0.0230213 0.0231957 0.0337970 0.0194074 0.0192452 0.0245961 0.0334649 0.0195791 0.0333106 0.0220941 0.0228998 0.0332645 0.0159525 0.0066519 0.0036602 0.0062893 0.0084723 0.0154011 0.0014506 0.0115260 0.0030642 0.0064817 0.0029362 0.0024748 0.0059449 0.0142593 0.0095673 0.0186480 0.0059209 0.0137210 0.0041001 0.0130457 0.0097543 0.0078907 0.0034304 0.0092437 0.0054483 0.0127196 0.0051873 0.0180307 0.0044140 0.0059609 0.0178833 0.0064042 0.0166509 0.0098134 0.0038205 0.0074206 0.0172614 0.0170944 0.0044994 0.0112517 0.0165124 0.0121898 0.0191194 0.0093240 0.0096820 0.0085845 0.0038228 0.0071604 0.0375849 0.0415165 0.0195217 0.0229881 0.0271049 0.0397578 0.0223119 0.0400816 0.0381260 0.0228230 0.0306569 0.0243347 0.0392371 0.0220052 0.0402085 0.0310516 0.0280274 0.0386000 0.0329677 0.0286730 0.0388346 0.0198182 0.0249410 0.0352034 0.0301092 0.0393829 0.0427502 0.0345942 0.0259437 0.0381956 0.0413089 0.0388539 0.0383149 0.0241569 0.0193714 0.0379469 0.0278126 0.0399191 0.0207448 0.0214186 0.0242309 0.0196862 0.0205921 0.0396625 0.0408654 0.0289282 0.0290093 0.0446220 0.0276045 0.0309564 0.0566527 0.0194150 
MT-4_1_200 0.0095771 0.0082398 0.0252652 0.0000000 0.0080407 0.0085455 0.0006669 0.0029204 0.0085468 0.0089231 0.0028229 0.0017041 0.0080351 0.0184378 0.0068422 0.0033797 0.0184389 0.0074097 0.0193152 0.0016647 0.0174000 0.0093128 0.0056497 0.0002220 0.0161949 0.0158872 0.0061413 0.0180019 0.0151754 0.0056802 0.0065058 0.0086714 0.0145872 0.0006680 0.0020028 0.0009999 0.0042327 0.0025745 0.0067445 0.0194485 0.0053061 0.0017954 0.0033129 0.0196244 0.0047400 0.0059085 0.0039923 0.0039942 0.0147424 0.0194462 0.0190470 0.0035482 0.0145848 0.0130183 0.0074228 0.0085455 0.0108140 0.0106595 0.0067613 0.0087968 0.0087984 0.0134415 0.0129003 0.0106707 0.0098398 0.0089228 0.0138664 0.0106799 0.0082853 0.0072684 0.0130170 0.0122832 0.0091310 0.0116027 0.0098462 0.0121328 0.0108010 0.0143041 0.0130369 0.0094498 0.0093184 0.0084128 0.0080352 0.0128983 0.0140027 0.0108614 0.0090489 0.0110545 0.0109347 0.0096562 0.0085398 0.0091756 0.0127185 0.0090603 0.0084122 0.0099897 0.0101373 0.0112046 0.0088154 0.0110033 0.0309914 0.0274685 0.0202726 0.0346683 0.0116586 0.0233369 0.0148250 0.0240745 0.0195422 0.0246720 0.0258054 0.0310592 0.0120944 0.0175872 0.0094383 0.0213636 0.0126201 0.0224568 0.0135621 0.0364954 0.0192434 0.0263653 0.0353429 0.0297412 0.0138703 0.0214682 0.0094386 0.0288402 0.0318808 0.0095684 0.0209133 0.0104852 0.0166954 0.0276427 0.0324437 0.0093006 0.0099511 0.0283345 0.0151258 0.0108737 0.0141338 0.0093151 0.0178475 0.0171399 0.0347102 0.0272998 0.0199920 0.0257357 0.0299900 0.0097001 0.0122257 0.0164245 0.0280015 0.0115752 0.0287049 0.0267078 0.0115544 0.0196292 0.0137438 0.0276514 0.0113092 0.0289073 0.0201135 0.0174852 0.0280379 0.0211919 0.0184105 0.0265602 0.0099594 0.0145541 0.0240191 0.0191601 0.0282888 0.0306180 0.0236134 0.0154160 0.0268794 0.0297322 0.0271448 0.0266967 0.0135972 0.0095698 0.0265068 0.0174681 0.0284886 0.0107565 0.0105086 0.0134477 0.0095591 0.0106240 0.0287536 0.0293908 0.0184462 0.0180760 0.0323795 0.0171480 0.0205976 0.0427139 0.0093128 
MT-4_1_70  0.0181597 0.0167772 0.0194031 0.0080407 0.0000000 0.0006569 0.0085053 0.0051952 0.0005471 0.0009878 0.0106749 0.0095416 0.0001090 0.0152830 0.0146205 0.0047136 0.0152839 0.0008778 0.0161172 0.0064181 0.0137592 0.0013215 0.0025778 0.0077761 0.0126310 0.0120815 0.0137605 0.0148686 0.0114141 0.0136542 0.0017800 0.0005470 0.0108674 0.0085285 0.0060475 0.0071000 0.0121709 0.0054324 0.0147127 0.0168542 0.0131058 0.0095384 0.0113054 0.0170195 0.0034462 0.0139318 0.0041454 0.0118964 0.0110097 0.0172749 0.0158583 0.0113097 0.0106073 0.0086534 0.0152224 0.0006569 0.0058680 0.0051355 0.0147115 0.0008773 0.0027901 0.0090432 0.0085382 0.0052580 0.0176358 0.0009877 0.0096892 0.0191389 0.0023334 0.0153322 0.0086525 0.0077256 0.0172074 0.0071000 0.0040703 0.0075918 0.0056188 0.0100921 0.0089169 0.0036017 0.0177474 0.0019936 0.0016568 0.0085370 0.0098169 0.0194194 0.0010983 0.0065991 0.0062294 0.0180703 0.0008779 0.0012092 0.0083809 0.0174635 0.0010998 0.0183399 0.0044263 0.0067317 0.0164936 0.0037245 0.0257266 0.0214064 0.0132741 0.0291802 0.0041897 0.0177796 0.0077457 0.0177161 0.0129999 0.0185651 0.0200725 0.0252456 0.0046746 0.0104507 0.0016588 0.0145741 0.0055191 0.0158302 0.0063632 0.0310764 0.0122303 0.0205262 0.0298260 0.0239966 0.0068816 0.0146567 0.0016588 0.0237104 0.0259438 0.0017713 0.0141227 0.0031464 0.0096575 0.0225829 0.0270890 0.0020012 0.0025706 0.0224020 0.0081320 0.0034922 0.0071247 0.0013218 0.0106952 0.0100524 0.0293808 0.0221889 0.0130560 0.0198720 0.0252602 0.0018843 0.0052737 0.0089908 0.0232097 0.0042076 0.0224407 0.0206329 0.0046762 0.0127667 0.0063659 0.0217748 0.0039723 0.0242287 0.0140081 0.0100484 0.0219794 0.0152749 0.0115132 0.0210258 0.0021102 0.0070951 0.0184513 0.0123487 0.0227263 0.0254208 0.0177810 0.0078505 0.0213209 0.0250943 0.0211616 0.0206177 0.0062405 0.0017715 0.0207186 0.0097802 0.0225305 0.0027963 0.0032652 0.0063627 0.0017698 0.0026815 0.0239384 0.0245708 0.0108777 0.0110795 0.0273010 0.0093751 0.0139000 0.0325385 0.0013215 
MT-4_2_40  0.0187651 0.0173714 0.0191017 0.0085455 0.0006569 0.0000000 0.0090184 0.0056781 0.0000010 0.0003275 0.0112015 0.0100691 0.0007674 0.0152735 0.0151805 0.0051928 0.0155578 0.0013216 0.0163935 0.0069106 0.0137506 0.0006571 0.0030373 0.0082859 0.0126230 0.0120739 0.0143089 0.0151412 0.0114070 0.0142030 0.0022333 0.0001090 0.0108606 0.0090431 0.0065370 0.0076020 0.0127097 0.0059167 0.0152673 0.0171332 0.0136507 0.0100591 0.0118411 0.0172994 0.0039204 0.0144827 0.0046234 0.0124330 0.0110028 0.0175567 0.0161343 0.0118456 0.0106007 0.0086479 0.0157833 0.0004370 0.0058644 0.0051324 0.0152660 0.0004370 0.0027884 0.0090375 0.0085329 0.0052547 0.0182131 0.0003275 0.0096831 0.0197441 0.0023320 0.0158928 0.0086471 0.0077208 0.0177866 0.0070956 0.0040678 0.0075870 0.0056153 0.0100857 0.0089113 0.0035995 0.0183416 0.0019924 0.0016558 0.0085316 0.0098107 0.0200218 0.0004370 0.0065950 0.0062255 0.0186633 0.0006569 0.0005466 0.0083757 0.0180561 0.0010991 0.0189382 0.0044235 0.0067275 0.0170634 0.0032604 0.0257110 0.0213932 0.0129989 0.0291629 0.0037223 0.0174864 0.0074940 0.0174222 0.0127207 0.0182683 0.0197698 0.0252305 0.0044365 0.0101874 0.0009899 0.0142928 0.0052772 0.0155440 0.0061180 0.0310581 0.0119587 0.0202177 0.0298083 0.0239822 0.0066333 0.0146476 0.0009899 0.0236959 0.0259283 0.0011010 0.0138438 0.0026865 0.0093978 0.0225690 0.0270727 0.0015505 0.0021153 0.0223884 0.0078784 0.0030298 0.0068745 0.0006573 0.0104313 0.0097909 0.0293633 0.0221752 0.0127808 0.0194222 0.0247670 0.0012126 0.0047966 0.0084849 0.0227347 0.0037382 0.0219750 0.0203273 0.0042037 0.0124931 0.0058802 0.0213136 0.0032733 0.0237390 0.0137293 0.0095329 0.0215162 0.0149910 0.0112427 0.0205681 0.0014360 0.0066044 0.0181550 0.0120770 0.0222543 0.0249336 0.0174866 0.0073534 0.0208615 0.0246025 0.0207036 0.0201638 0.0057561 0.0011012 0.0202620 0.0092673 0.0220629 0.0021136 0.0025755 0.0058773 0.0011001 0.0020002 0.0234607 0.0240817 0.0103539 0.0108115 0.0268094 0.0088663 0.0136212 0.0316707 0.0006571 
MT-4_1_230 0.0087522 0.0073081 0.0251838 0.0006669 0.0085053 0.0090184 0.0000000 0.0036535 0.0090197 0.0094020 0.0021448 0.0010135 0.0084993 0.0178466 0.0055198 0.0041225 0.0178477 0.0078637 0.0187247 0.0023676 0.0168088 0.0097985 0.0061953 0.0007886 0.0156047 0.0152977 0.0048448 0.0174104 0.0145862 0.0047443 0.0070661 0.0091463 0.0139989 0.0008949 0.0027129 0.0016929 0.0031950 0.0032993 0.0054410 0.0188586 0.0041388 0.0011134 0.0026070 0.0188823 0.0052737 0.0044949 0.0047538 0.0030731 0.0141535 0.0187056 0.0184556 0.0028382 0.0141343 0.0125673 0.0058554 0.0090184 0.0106683 0.0105129 0.0055765 0.0092737 0.0088920 0.0129905 0.0125833 0.0105240 0.0079784 0.0094017 0.0134156 0.0098471 0.0084997 0.0059540 0.0125659 0.0121498 0.0076303 0.0114637 0.0096933 0.0119983 0.0106554 0.0138533 0.0127203 0.0092939 0.0079334 0.0086290 0.0084994 0.0125814 0.0135521 0.0098569 0.0095298 0.0109111 0.0107902 0.0088451 0.0090123 0.0096585 0.0125886 0.0081251 0.0088825 0.0088283 0.0099864 0.0110623 0.0078491 0.0112280 0.0310776 0.0274016 0.0203066 0.0347851 0.0118903 0.0233959 0.0148162 0.0241399 0.0195704 0.0247423 0.0255712 0.0311437 0.0123313 0.0175998 0.0099259 0.0214064 0.0128625 0.0225086 0.0135437 0.0362644 0.0192691 0.0264508 0.0351059 0.0298150 0.0138542 0.0215118 0.0096467 0.0289084 0.0319726 0.0097778 0.0209525 0.0107045 0.0167010 0.0277011 0.0325423 0.0095070 0.0101645 0.0282745 0.0151193 0.0110971 0.0141198 0.0098010 0.0178621 0.0171489 0.0344693 0.0272318 0.0200237 0.0253343 0.0299718 0.0099110 0.0124640 0.0167095 0.0277682 0.0118068 0.0283127 0.0263118 0.0117854 0.0193640 0.0139990 0.0270944 0.0115380 0.0288901 0.0197025 0.0174970 0.0276432 0.0206298 0.0184296 0.0258427 0.0101730 0.0148179 0.0236150 0.0190390 0.0277278 0.0287585 0.0232073 0.0156896 0.0264814 0.0292845 0.0265867 0.0262988 0.0138506 0.0097793 0.0259462 0.0174797 0.0277672 0.0109789 0.0107286 0.0136993 0.0100484 0.0108449 0.0280324 0.0293732 0.0184657 0.0180925 0.0320086 0.0171571 0.0201875 0.0434151 0.0097985 
MT-4_1_150 0.0124409 0.0111827 0.0228235 0.0029204 0.0051952 0.0056781 0.0036535 0.0000000 0.0056789 0.0060404 0.0059100 0.0045392 0.0049502 0.0171954 0.0094945 0.0005491 0.0171964 0.0043544 0.0180581 0.0014424 0.0158965 0.0064112 0.0026965 0.0027255 0.0147196 0.0144201 0.0088908 0.0167668 0.0137238 0.0087769 0.0035088 0.0057988 0.0131502 0.0034242 0.0011052 0.0017938 0.0074002 0.0005493 0.0097703 0.0185349 0.0082755 0.0048409 0.0064514 0.0187077 0.0018003 0.0090329 0.0011106 0.0071485 0.0133008 0.0185331 0.0177929 0.0064538 0.0128794 0.0110988 0.0102182 0.0056781 0.0092160 0.0088155 0.0097698 0.0059193 0.0064142 0.0115087 0.0112436 0.0088245 0.0124639 0.0060402 0.0121857 0.0135681 0.0059210 0.0103286 0.0110976 0.0106485 0.0117404 0.0099861 0.0076716 0.0105038 0.0089514 0.0126105 0.0113769 0.0072897 0.0122708 0.0060437 0.0056794 0.0112419 0.0123189 0.0138426 0.0061612 0.0094536 0.0093353 0.0126134 0.0056746 0.0062827 0.0110706 0.0118702 0.0058014 0.0128280 0.0080572 0.0095978 0.0114033 0.0082765 0.0288299 0.0249421 0.0180189 0.0324064 0.0087782 0.0212797 0.0119381 0.0218477 0.0169735 0.0219779 0.0236900 0.0287405 0.0093175 0.0148606 0.0065320 0.0190764 0.0098243 0.0201365 0.0107296 0.0341886 0.0164520 0.0240285 0.0330677 0.0278359 0.0110193 0.0191810 0.0065323 0.0267393 0.0297445 0.0066561 0.0186342 0.0076516 0.0140052 0.0255732 0.0302417 0.0064032 0.0070243 0.0261385 0.0122233 0.0080248 0.0112746 0.0064128 0.0151155 0.0144313 0.0324455 0.0255865 0.0174622 0.0242921 0.0279805 0.0067813 0.0094597 0.0134694 0.0264694 0.0085655 0.0268885 0.0252864 0.0088149 0.0181704 0.0106394 0.0261736 0.0083112 0.0271134 0.0187944 0.0151908 0.0265514 0.0198560 0.0163252 0.0249132 0.0070302 0.0114184 0.0229435 0.0177108 0.0265937 0.0286145 0.0222387 0.0122385 0.0252253 0.0281553 0.0256748 0.0250850 0.0105013 0.0066570 0.0250746 0.0148938 0.0271511 0.0077891 0.0075482 0.0106340 0.0066499 0.0076627 0.0272164 0.0276083 0.0161137 0.0158447 0.0307100 0.0141630 0.0192694 0.0390451 0.0064112 
MT-4_1_60  0.0187681 0.0173741 0.0191047 0.0085468 0.0005471 0.0000010 0.0090197 0.0056789 0.0000000 0.0003275 0.0112032 0.0100707 0.0006573 0.0152758 0.0151828 0.0051935 0.0155602 0.0013218 0.0163961 0.0069116 0.0137527 0.0006572 0.0030377 0.0082872 0.0126250 0.0120757 0.0143111 0.0151435 0.0114087 0.0142052 0.0022336 0.0000010 0.0108622 0.0090444 0.0065379 0.0076031 0.0127117 0.0059175 0.0152697 0.0171358 0.0136528 0.0100606 0.0118429 0.0173021 0.0039210 0.0144849 0.0046241 0.0124349 0.0110045 0.0175595 0.0161367 0.0118474 0.0106022 0.0086492 0.0157857 0.0004370 0.0058652 0.0051331 0.0152683 0.0004370 0.0027888 0.0090389 0.0085341 0.0052564 0.0182160 0.0003275 0.0096846 0.0197472 0.0023323 0.0158952 0.0086484 0.0077219 0.0177893 0.0070966 0.0040683 0.0075881 0.0056161 0.0100872 0.0089126 0.0036000 0.0183445 0.0019927 0.0016560 0.0085329 0.0098122 0.0200250 0.0004370 0.0065960 0.0062264 0.0186662 0.0006570 0.0005467 0.0083769 0.0180589 0.0010993 0.0189412 0.0044241 0.0067285 0.0170661 0.0032609 0.0257151 0.0213966 0.0130009 0.0291676 0.0037229 0.0174891 0.0074951 0.0174249 0.0127227 0.0182711 0.0197729 0.0252345 0.0044372 0.0101889 0.0009900 0.0142950 0.0052780 0.0155464 0.0061189 0.0310632 0.0119605 0.0202209 0.0298132 0.0239860 0.0066342 0.0146498 0.0009900 0.0236997 0.0259324 0.0011012 0.0138459 0.0026868 0.0093991 0.0225726 0.0270771 0.0015507 0.0021156 0.0223919 0.0078796 0.0030302 0.0068765 0.0006574 0.0104329 0.0097924 0.0293682 0.0221787 0.0127827 0.0194252 0.0247711 0.0012128 0.0047972 0.0084862 0.0227383 0.0037387 0.0219785 0.0203305 0.0042043 0.0124950 0.0058811 0.0213169 0.0032738 0.0237429 0.0137314 0.0095344 0.0215196 0.0149933 0.0112444 0.0205714 0.0014362 0.0066054 0.0181578 0.0120788 0.0222578 0.0249377 0.0174893 0.0073545 0.0208648 0.0246065 0.0207068 0.0201670 0.0057569 0.0011013 0.0202652 0.0092687 0.0220664 0.0021139 0.0025759 0.0058781 0.0011003 0.0020005 0.0234645 0.0240856 0.0103554 0.0108132 0.0268138 0.0088676 0.0136232 0.0316760 0.0006572 
MT-4_1_30  0.0192146 0.0178128 0.0189569 0.0089231 0.0009878 0.0003275 0.0094020 0.0060404 0.0003275 0.0000000 0.0115945 0.0104632 0.0010988 0.0156858 0.0155971 0.0055524 0.0159715 0.0016560 0.0168111 0.0072796 0.0141555 0.0003278 0.0033828 0.0086674 0.0130215 0.0124693 0.0147172 0.0155531 0.0117990 0.0146116 0.0025744 0.0004370 0.0112493 0.0094278 0.0069049 0.0079777 0.0131114 0.0062799 0.0156799 0.0175548 0.0140566 0.0104480 0.0122406 0.0177223 0.0042768 0.0148927 0.0049823 0.0128330 0.0113926 0.0179827 0.0165511 0.0122453 0.0109881 0.0090248 0.0162004 0.0005467 0.0059841 0.0052506 0.0156785 0.0005466 0.0029022 0.0094166 0.0089096 0.0053742 0.0186418 0.0004370 0.0100657 0.0201930 0.0024449 0.0163096 0.0090239 0.0078440 0.0182167 0.0072176 0.0041841 0.0077099 0.0057344 0.0104708 0.0092898 0.0037149 0.0187827 0.0021047 0.0017676 0.0089083 0.0101938 0.0204686 0.0003274 0.0067160 0.0063458 0.0191034 0.0007670 0.0002181 0.0085003 0.0184972 0.0012100 0.0193822 0.0045405 0.0068489 0.0174868 0.0031454 0.0255523 0.0212436 0.0128655 0.0289980 0.0036066 0.0173453 0.0073708 0.0172807 0.0125853 0.0181255 0.0196245 0.0250750 0.0043192 0.0100591 0.0008791 0.0141567 0.0051582 0.0154058 0.0059976 0.0308903 0.0118268 0.0200697 0.0296427 0.0238295 0.0065115 0.0145114 0.0008792 0.0235409 0.0257714 0.0009901 0.0137088 0.0025724 0.0092711 0.0224160 0.0269115 0.0014385 0.0020023 0.0222385 0.0077544 0.0029152 0.0067524 0.0005473 0.0103028 0.0096635 0.0291980 0.0220231 0.0126473 0.0192762 0.0246076 0.0008797 0.0044431 0.0081116 0.0225809 0.0033900 0.0218242 0.0201807 0.0038534 0.0123604 0.0055208 0.0211641 0.0029275 0.0235806 0.0135944 0.0091530 0.0213662 0.0148538 0.0111112 0.0204198 0.0011019 0.0062406 0.0180125 0.0119451 0.0221014 0.0247762 0.0173449 0.0069862 0.0207126 0.0244435 0.0205551 0.0200166 0.0053975 0.0007689 0.0201140 0.0088891 0.0219115 0.0017756 0.0022341 0.0055181 0.0007682 0.0016628 0.0233062 0.0239235 0.0099681 0.0104214 0.0266507 0.0084909 0.0134861 0.0315039 0.0003278 
MT-4_1_260 0.0070235 0.0053766 0.0263909 0.0028229 0.0106749 0.0112015 0.0021448 0.0059100 0.0112032 0.0115945 0.0000000 0.0014792 0.0106670 0.0188324 0.0042522 0.0063898 0.0191249 0.0102720 0.0197173 0.0047000 0.0182084 0.0120032 0.0085379 0.0029785 0.0169857 0.0169561 0.0034934 0.0186828 0.0165138 0.0031598 0.0094374 0.0113326 0.0159118 0.0028578 0.0049363 0.0038992 0.0013320 0.0055438 0.0040727 0.0198515 0.0020085 0.0008940 0.0006656 0.0200294 0.0076157 0.0026934 0.0070634 0.0012187 0.0160714 0.0198488 0.0197409 0.0008892 0.0160494 0.0144500 0.0049388 0.0112015 0.0123767 0.0122147 0.0042010 0.0114630 0.0110718 0.0148838 0.0143312 0.0122277 0.0071245 0.0115941 0.0153193 0.0080990 0.0106672 0.0047985 0.0144485 0.0138877 0.0066773 0.0131868 0.0116383 0.0137312 0.0123616 0.0157686 0.0144709 0.0112276 0.0065618 0.0108002 0.0106668 0.0143290 0.0154584 0.0080476 0.0117253 0.0126209 0.0124993 0.0072681 0.0111937 0.0118572 0.0143376 0.0063115 0.0110598 0.0071945 0.0119429 0.0127776 0.0060245 0.0130682 0.0323569 0.0286381 0.0217682 0.0357473 0.0136052 0.0245692 0.0164575 0.0253138 0.0210422 0.0260822 0.0269351 0.0323822 0.0141993 0.0192950 0.0121333 0.0228842 0.0144673 0.0238428 0.0151605 0.0374194 0.0209953 0.0276806 0.0362523 0.0310380 0.0154801 0.0228318 0.0118422 0.0301648 0.0332194 0.0119771 0.0224191 0.0126638 0.0183783 0.0289464 0.0334921 0.0116963 0.0123731 0.0294955 0.0167679 0.0130647 0.0157488 0.0120062 0.0195592 0.0188353 0.0356144 0.0284741 0.0214818 0.0273718 0.0319175 0.0121144 0.0147388 0.0188116 0.0300287 0.0140684 0.0304104 0.0287058 0.0140420 0.0218672 0.0163177 0.0293321 0.0137926 0.0309656 0.0220740 0.0197949 0.0297296 0.0230419 0.0207744 0.0282153 0.0123832 0.0171544 0.0259430 0.0213811 0.0301699 0.0326149 0.0255304 0.0180520 0.0285423 0.0313074 0.0288151 0.0285186 0.0161637 0.0119790 0.0285195 0.0197743 0.0301953 0.0132132 0.0129593 0.0160065 0.0122571 0.0130755 0.0304640 0.0309525 0.0207974 0.0202495 0.0341380 0.0192704 0.0225743 0.0458556 0.0120032 
MT-4_1_240 0.0078437 0.0061619 0.0251759 0.0017041 0.0095416 0.0100691 0.0010135 0.0045392 0.0100707 0.0104632 0.0014792 0.0000000 0.0095346 0.0183927 0.0043265 0.0051461 0.0186883 0.0090099 0.0192870 0.0034577 0.0176260 0.0108718 0.0072848 0.0018194 0.0164150 0.0161017 0.0038239 0.0182416 0.0153660 0.0039531 0.0081824 0.0102006 0.0147712 0.0014745 0.0038136 0.0026330 0.0025301 0.0044187 0.0043037 0.0194229 0.0026466 0.0004485 0.0019425 0.0194477 0.0063824 0.0032345 0.0058842 0.0022929 0.0149302 0.0192667 0.0193104 0.0019425 0.0149095 0.0133060 0.0051938 0.0100691 0.0113632 0.0112028 0.0046772 0.0103314 0.0099392 0.0137397 0.0133233 0.0112149 0.0064337 0.0104628 0.0141753 0.0083911 0.0095349 0.0051733 0.0133045 0.0128790 0.0064083 0.0121765 0.0106273 0.0127232 0.0113493 0.0146242 0.0134634 0.0102165 0.0070338 0.0096680 0.0095345 0.0133212 0.0143149 0.0086704 0.0105945 0.0116102 0.0114873 0.0079281 0.0100621 0.0107267 0.0133291 0.0068824 0.0099283 0.0079933 0.0109304 0.0117659 0.0068193 0.0118028 0.0311093 0.0272526 0.0206395 0.0344706 0.0124792 0.0237853 0.0153311 0.0240528 0.0195968 0.0239623 0.0255240 0.0311288 0.0129316 0.0178788 0.0110025 0.0217595 0.0134739 0.0228821 0.0141701 0.0359465 0.0191339 0.0262982 0.0347911 0.0301631 0.0144890 0.0218662 0.0107131 0.0289381 0.0315959 0.0108481 0.0212975 0.0115349 0.0171121 0.0277298 0.0322335 0.0105683 0.0112454 0.0285845 0.0156411 0.0119370 0.0146203 0.0108746 0.0179948 0.0174199 0.0341552 0.0271409 0.0203517 0.0262030 0.0302429 0.0109854 0.0136139 0.0179869 0.0286140 0.0129397 0.0285076 0.0266423 0.0129155 0.0208806 0.0151957 0.0281761 0.0126632 0.0295831 0.0206006 0.0186077 0.0285671 0.0215500 0.0195851 0.0268543 0.0112548 0.0160368 0.0247954 0.0203674 0.0285761 0.0298188 0.0243790 0.0169360 0.0273514 0.0295932 0.0276565 0.0266671 0.0150420 0.0108498 0.0263923 0.0187590 0.0286499 0.0120852 0.0118292 0.0147345 0.0111275 0.0119473 0.0288807 0.0296896 0.0192785 0.0192395 0.0314800 0.0182880 0.0210983 0.0455672 0.0108718 
MT-4_1_80  0.0181435 0.0167627 0.0195564 0.0080351 0.0001090 0.0007674 0.0084993 0.0049502 0.0006573 0.0010988 0.0106670 0.0095346 0.0000000 0.0152891 0.0146087 0.0044710 0.0152900 0.0007673 0.0161236 0.0061670 0.0137647 0.0014333 0.0023471 0.0077706 0.0126360 0.0120863 0.0137496 0.0148745 0.0114187 0.0136435 0.0015533 0.0006572 0.0108717 0.0085225 0.0057983 0.0068436 0.0121616 0.0051865 0.0147009 0.0168608 0.0130956 0.0095315 0.0112969 0.0170263 0.0032074 0.0139208 0.0039041 0.0118873 0.0110141 0.0172818 0.0158646 0.0113012 0.0106115 0.0086568 0.0152101 0.0007674 0.0058703 0.0051375 0.0146997 0.0009881 0.0027912 0.0090468 0.0085416 0.0052610 0.0176209 0.0010988 0.0096931 0.0191218 0.0023343 0.0153197 0.0086559 0.0077287 0.0171929 0.0071028 0.0040719 0.0075948 0.0056210 0.0100961 0.0089205 0.0036031 0.0177320 0.0019944 0.0016575 0.0085403 0.0098208 0.0194022 0.0012096 0.0066017 0.0062318 0.0180546 0.0009888 0.0013207 0.0083842 0.0174483 0.0011002 0.0183237 0.0044280 0.0067344 0.0164800 0.0038421 0.0258958 0.0215649 0.0134135 0.0293568 0.0043082 0.0179286 0.0078728 0.0178654 0.0131414 0.0187160 0.0202265 0.0254113 0.0047944 0.0105838 0.0017715 0.0147167 0.0056409 0.0159754 0.0064878 0.0312566 0.0123678 0.0206831 0.0300036 0.0241591 0.0070079 0.0147992 0.0017716 0.0238751 0.0261111 0.0018843 0.0142641 0.0032627 0.0097887 0.0227453 0.0272613 0.0021149 0.0026856 0.0225610 0.0082600 0.0036092 0.0072504 0.0014336 0.0108287 0.0101846 0.0295580 0.0223502 0.0131954 0.0200269 0.0252704 0.0019975 0.0053949 0.0091202 0.0233738 0.0043265 0.0224496 0.0207884 0.0047961 0.0129053 0.0064906 0.0217834 0.0040908 0.0242385 0.0141493 0.0101805 0.0221392 0.0154189 0.0116500 0.0211835 0.0022240 0.0072202 0.0186019 0.0124862 0.0227354 0.0254309 0.0179305 0.0079774 0.0214793 0.0251043 0.0213195 0.0207740 0.0063648 0.0018845 0.0208759 0.0099116 0.0226918 0.0029117 0.0033819 0.0064873 0.0018827 0.0027966 0.0241034 0.0245807 0.0110121 0.0112151 0.0273116 0.0095054 0.0140413 0.0327193 0.0014333 
MT-4_2_430 0.0240565 0.0232975 0.0318463 0.0184378 0.0152830 0.0152735 0.0178466 0.0171954 0.0152758 0.0156858 0.0188324 0.0183927 0.0152891 0.0000000 0.0224986 0.0173141 0.0006601 0.0151415 0.0011042 0.0180012 0.0012164 0.0158426 0.0165401 0.0184006 0.0017771 0.0024592 0.0220086 0.0005495 0.0029185 0.0215823 0.0160979 0.0154111 0.0032688 0.0180908 0.0175386 0.0179766 0.0202319 0.0170709 0.0225264 0.0016667 0.0215894 0.0178602 0.0194632 0.0017815 0.0171455 0.0215933 0.0176258 0.0199280 0.0033780 0.0023667 0.0011051 0.0194710 0.0036162 0.0055397 0.0218001 0.0149994 0.0089678 0.0096104 0.0222788 0.0152729 0.0121225 0.0055329 0.0057757 0.0096203 0.0252300 0.0154099 0.0049310 0.0249449 0.0126680 0.0219047 0.0056606 0.0070407 0.0244827 0.0075455 0.0107827 0.0071744 0.0092327 0.0040838 0.0054132 0.0114467 0.0239410 0.0130790 0.0134842 0.0057739 0.0048126 0.0261969 0.0155472 0.0081852 0.0085765 0.0249796 0.0147154 0.0156852 0.0064010 0.0245225 0.0141620 0.0243880 0.0102492 0.0080461 0.0246303 0.0177156 0.0375216 0.0337515 0.0249536 0.0406742 0.0179900 0.0298780 0.0203437 0.0298865 0.0248245 0.0306243 0.0319023 0.0370669 0.0183354 0.0225314 0.0159779 0.0265145 0.0183302 0.0276470 0.0183510 0.0427027 0.0246952 0.0327551 0.0414653 0.0359271 0.0193170 0.0262670 0.0157753 0.0355558 0.0378687 0.0159172 0.0253215 0.0170052 0.0215710 0.0346065 0.0382961 0.0162464 0.0169702 0.0339302 0.0200253 0.0171467 0.0195966 0.0158465 0.0228019 0.0220501 0.0408054 0.0341949 0.0247355 0.0289703 0.0341691 0.0160626 0.0179627 0.0221933 0.0325952 0.0175631 0.0313032 0.0306094 0.0175285 0.0257625 0.0193110 0.0302172 0.0175571 0.0322517 0.0258297 0.0238484 0.0307909 0.0266239 0.0251938 0.0300674 0.0160678 0.0201731 0.0276632 0.0256053 0.0310375 0.0343715 0.0280707 0.0211069 0.0300573 0.0323358 0.0298678 0.0301330 0.0191489 0.0159200 0.0303599 0.0235063 0.0312478 0.0169411 0.0166805 0.0189838 0.0158279 0.0167967 0.0332173 0.0328034 0.0249137 0.0249372 0.0365537 0.0229715 0.0263562 0.0527794 0.0158426 
MT-4_1_360 0.0040237 0.0025622 0.0304007 0.0068422 0.0146205 0.0151805 0.0055198 0.0094945 0.0151828 0.0155971 0.0042522 0.0043265 0.0146087 0.0224986 0.0000000 0.0101431 0.0228050 0.0141871 0.0234260 0.0086092 0.0218384 0.0160353 0.0124517 0.0067501 0.0208506 0.0208134 0.0015733 0.0223415 0.0203423 0.0021424 0.0134136 0.0153196 0.0197042 0.0058078 0.0089909 0.0075040 0.0036593 0.0093656 0.0010071 0.0239485 0.0028400 0.0044250 0.0032128 0.0241418 0.0112574 0.0027221 0.0109341 0.0035409 0.0198762 0.0239430 0.0234553 0.0034479 0.0199950 0.0184475 0.0029601 0.0151805 0.0170170 0.0165506 0.0019146 0.0154577 0.0151810 0.0189100 0.0186164 0.0165689 0.0040096 0.0155965 0.0195149 0.0048630 0.0146081 0.0019180 0.0184455 0.0186350 0.0026180 0.0178812 0.0159255 0.0184618 0.0167113 0.0196918 0.0187645 0.0154832 0.0038405 0.0147501 0.0146076 0.0186135 0.0196617 0.0052632 0.0157356 0.0172691 0.0171434 0.0036146 0.0151692 0.0158755 0.0186260 0.0031272 0.0150250 0.0045906 0.0162602 0.0174436 0.0040087 0.0165889 0.0359599 0.0322513 0.0259561 0.0398465 0.0174479 0.0289305 0.0197414 0.0295527 0.0246737 0.0293160 0.0307656 0.0362951 0.0177924 0.0228846 0.0158922 0.0271387 0.0177873 0.0279875 0.0185175 0.0413978 0.0243722 0.0314293 0.0401833 0.0351218 0.0188615 0.0269126 0.0155755 0.0336800 0.0368489 0.0157188 0.0266539 0.0164519 0.0220693 0.0324159 0.0374980 0.0154162 0.0161376 0.0332996 0.0203666 0.0168758 0.0189957 0.0160392 0.0231575 0.0223978 0.0395317 0.0318088 0.0253414 0.0290765 0.0330404 0.0161451 0.0182240 0.0222328 0.0311522 0.0180957 0.0307705 0.0291755 0.0180594 0.0253547 0.0196045 0.0304358 0.0178027 0.0318892 0.0249040 0.0228868 0.0306691 0.0255869 0.0239124 0.0292481 0.0164309 0.0204803 0.0283161 0.0249624 0.0308440 0.0342394 0.0275106 0.0214299 0.0294248 0.0324780 0.0299069 0.0295458 0.0194396 0.0160006 0.0292679 0.0230437 0.0310839 0.0173190 0.0170546 0.0194011 0.0163004 0.0171722 0.0313127 0.0319816 0.0232818 0.0235424 0.0347178 0.0225474 0.0254302 0.0522042 0.0160353 
MT-4_1_140 0.0131397 0.0118684 0.0225192 0.0033797 0.0047136 0.0051928 0.0041225 0.0005491 0.0051935 0.0055524 0.0063898 0.0051461 0.0044710 0.0173141 0.0101431 0.0000000 0.0173152 0.0038798 0.0181768 0.0020062 0.0160152 0.0059200 0.0022378 0.0033092 0.0148380 0.0145383 0.0095252 0.0168856 0.0138418 0.0092776 0.0030433 0.0053126 0.0132680 0.0038924 0.0015519 0.0022491 0.0078928 0.0009917 0.0102757 0.0186538 0.0089057 0.0053176 0.0069408 0.0188268 0.0013450 0.0095353 0.0006638 0.0076393 0.0134187 0.0186519 0.0179117 0.0069433 0.0129971 0.0112158 0.0107290 0.0051928 0.0088247 0.0084274 0.0102752 0.0054322 0.0061685 0.0116259 0.0110987 0.0084360 0.0131311 0.0055522 0.0123031 0.0142648 0.0056774 0.0108391 0.0112147 0.0105061 0.0124105 0.0098459 0.0072912 0.0103620 0.0085622 0.0127282 0.0114942 0.0069111 0.0129587 0.0057996 0.0054366 0.0110970 0.0124363 0.0145407 0.0056724 0.0093152 0.0091971 0.0131497 0.0051896 0.0057929 0.0109267 0.0125550 0.0053150 0.0136697 0.0076739 0.0094587 0.0120619 0.0077705 0.0285005 0.0246285 0.0172775 0.0320630 0.0082686 0.0208091 0.0112547 0.0212290 0.0163945 0.0219705 0.0232027 0.0285986 0.0088021 0.0144357 0.0060401 0.0183236 0.0091651 0.0193722 0.0100606 0.0338403 0.0160165 0.0237174 0.0327235 0.0274996 0.0103457 0.0184282 0.0060403 0.0264177 0.0293982 0.0061631 0.0178859 0.0071495 0.0135863 0.0252557 0.0299070 0.0059127 0.0065276 0.0256341 0.0116670 0.0075198 0.0105987 0.0059215 0.0146896 0.0140094 0.0321017 0.0250783 0.0167260 0.0236315 0.0274739 0.0062871 0.0089426 0.0129197 0.0259784 0.0080543 0.0262031 0.0247916 0.0083030 0.0175787 0.0101125 0.0254954 0.0078020 0.0269728 0.0183410 0.0146255 0.0258690 0.0193959 0.0159053 0.0244343 0.0065331 0.0108861 0.0224644 0.0171233 0.0261003 0.0281073 0.0217629 0.0116989 0.0247445 0.0276437 0.0250009 0.0244176 0.0099760 0.0061639 0.0247387 0.0143314 0.0264616 0.0072853 0.0070457 0.0101075 0.0061574 0.0071599 0.0267229 0.0271042 0.0155387 0.0154283 0.0303512 0.0136077 0.0188124 0.0388349 0.0059200 
MT-4_2_450 0.0238854 0.0234578 0.0325322 0.0184389 0.0152839 0.0155578 0.0178477 0.0171964 0.0155602 0.0159715 0.0191249 0.0186883 0.0152900 0.0006601 0.0228050 0.0173152 0.0000000 0.0151424 0.0006600 0.0180022 0.0016651 0.0161293 0.0165410 0.0184017 0.0020037 0.0026887 0.0223113 0.0003292 0.0031500 0.0218842 0.0160988 0.0156959 0.0035020 0.0183832 0.0175397 0.0179776 0.0205297 0.0170719 0.0228298 0.0012177 0.0218913 0.0181508 0.0197602 0.0015555 0.0171466 0.0218953 0.0176269 0.0202248 0.0038430 0.0021369 0.0004397 0.0197681 0.0040838 0.0057833 0.0218014 0.0152827 0.0092272 0.0098723 0.0225819 0.0155572 0.0123946 0.0057762 0.0060200 0.0098826 0.0252316 0.0156947 0.0051718 0.0247739 0.0129424 0.0219061 0.0059047 0.0072914 0.0247964 0.0077984 0.0110493 0.0074260 0.0094934 0.0045550 0.0056560 0.0117159 0.0237730 0.0133550 0.0137617 0.0060192 0.0050529 0.0261847 0.0158324 0.0084409 0.0088342 0.0248100 0.0149975 0.0159709 0.0066484 0.0243526 0.0144419 0.0242185 0.0105135 0.0083009 0.0246318 0.0180099 0.0382583 0.0344549 0.0255889 0.0414325 0.0182851 0.0305468 0.0206496 0.0305581 0.0254697 0.0312988 0.0325859 0.0377908 0.0186326 0.0228461 0.0162649 0.0271621 0.0186273 0.0283021 0.0186485 0.0434749 0.0250191 0.0334531 0.0422287 0.0366400 0.0196194 0.0269118 0.0160607 0.0362785 0.0385987 0.0162032 0.0259599 0.0172969 0.0218816 0.0353215 0.0390381 0.0165345 0.0172612 0.0346288 0.0203297 0.0174389 0.0198996 0.0161332 0.0231172 0.0223628 0.0415665 0.0349066 0.0253711 0.0296372 0.0345392 0.0163492 0.0182571 0.0225042 0.0332959 0.0178565 0.0319879 0.0312832 0.0178212 0.0260892 0.0196109 0.0308937 0.0178505 0.0327900 0.0264708 0.0241667 0.0314722 0.0272697 0.0255212 0.0307434 0.0163545 0.0204758 0.0283168 0.0259315 0.0317281 0.0347369 0.0287278 0.0214135 0.0307338 0.0326978 0.0305420 0.0308074 0.0194480 0.0162060 0.0310405 0.0238229 0.0319341 0.0172313 0.0169702 0.0192820 0.0161142 0.0170864 0.0339204 0.0333423 0.0252373 0.0252626 0.0369230 0.0232853 0.0270018 0.0530259 0.0161293 
MT-4_1_90  0.0176861 0.0163145 0.0197195 0.0074097 0.0008778 0.0013216 0.0078637 0.0043544 0.0013218 0.0016560 0.0102720 0.0090099 0.0007673 0.0151415 0.0141871 0.0038798 0.0151424 0.0000000 0.0159740 0.0055594 0.0136208 0.0019939 0.0015552 0.0071391 0.0124952 0.0119470 0.0133370 0.0147279 0.0112810 0.0132307 0.0007719 0.0014329 0.0107356 0.0078851 0.0051944 0.0062244 0.0117569 0.0045889 0.0142833 0.0167093 0.0126859 0.0091414 0.0108949 0.0168741 0.0023895 0.0135063 0.0030801 0.0114844 0.0108775 0.0171283 0.0157155 0.0108991 0.0104760 0.0085262 0.0147875 0.0013216 0.0057473 0.0050165 0.0142822 0.0015443 0.0026759 0.0089151 0.0084111 0.0051386 0.0171848 0.0016559 0.0095598 0.0186640 0.0022202 0.0148973 0.0085254 0.0076009 0.0167556 0.0069766 0.0039534 0.0074674 0.0054987 0.0099617 0.0087891 0.0034858 0.0172832 0.0018811 0.0015449 0.0084099 0.0096872 0.0189463 0.0017677 0.0064769 0.0061080 0.0176065 0.0013209 0.0018797 0.0082545 0.0170008 0.0014330 0.0178715 0.0043086 0.0066090 0.0160501 0.0044281 0.0260801 0.0217348 0.0135588 0.0295516 0.0048983 0.0180862 0.0080028 0.0180234 0.0132886 0.0188760 0.0203908 0.0255914 0.0051531 0.0107213 0.0023360 0.0148660 0.0057649 0.0161280 0.0066139 0.0314566 0.0125106 0.0208508 0.0301999 0.0243349 0.0071358 0.0149483 0.0023361 0.0240532 0.0262935 0.0024500 0.0144118 0.0038435 0.0099239 0.0229201 0.0274498 0.0026841 0.0032606 0.0227321 0.0083912 0.0041931 0.0073788 0.0019944 0.0109666 0.0103210 0.0297534 0.0225236 0.0133405 0.0201587 0.0254098 0.0025644 0.0055110 0.0092404 0.0235100 0.0046768 0.0225837 0.0209200 0.0049114 0.0130301 0.0066079 0.0219169 0.0044400 0.0243780 0.0142753 0.0103021 0.0222731 0.0155460 0.0117746 0.0213166 0.0027931 0.0073382 0.0187315 0.0126105 0.0228711 0.0255685 0.0180600 0.0080963 0.0216127 0.0252435 0.0214526 0.0209064 0.0064820 0.0024503 0.0210090 0.0100329 0.0228265 0.0034880 0.0037271 0.0066046 0.0024479 0.0033718 0.0242397 0.0247196 0.0111350 0.0113389 0.0274488 0.0096260 0.0141675 0.0335960 0.0019939 
MT-4_2_470 0.0246954 0.0242611 0.0328785 0.0193152 0.0161172 0.0163935 0.0187247 0.0180581 0.0163961 0.0168111 0.0197173 0.0192870 0.0161236 0.0011042 0.0234260 0.0181768 0.0006600 0.0159740 0.0000000 0.0188747 0.0023433 0.0169713 0.0173924 0.0192885 0.0026854 0.0033784 0.0229248 0.0009927 0.0038449 0.0224956 0.0169450 0.0165329 0.0042016 0.0189750 0.0184064 0.0188548 0.0211329 0.0179325 0.0234447 0.0005507 0.0225030 0.0187390 0.0203618 0.0008844 0.0180186 0.0225070 0.0184989 0.0208258 0.0043105 0.0014548 0.0004396 0.0203700 0.0047892 0.0065120 0.0227128 0.0161160 0.0099972 0.0106489 0.0231961 0.0163929 0.0131980 0.0065039 0.0067494 0.0106600 0.0261791 0.0165317 0.0058927 0.0255840 0.0137519 0.0228167 0.0066347 0.0080379 0.0254322 0.0085509 0.0118380 0.0081749 0.0102669 0.0052665 0.0063826 0.0125118 0.0245690 0.0141689 0.0145795 0.0067484 0.0057716 0.0268373 0.0166707 0.0092011 0.0095995 0.0256122 0.0158275 0.0168105 0.0073860 0.0251565 0.0152662 0.0250212 0.0112960 0.0090585 0.0255753 0.0188724 0.0386305 0.0348102 0.0259095 0.0418158 0.0191498 0.0308845 0.0215435 0.0308972 0.0257954 0.0316393 0.0329311 0.0381565 0.0195030 0.0234597 0.0171080 0.0274890 0.0194974 0.0286329 0.0195198 0.0434886 0.0256497 0.0338057 0.0426146 0.0370002 0.0205038 0.0272374 0.0168992 0.0366431 0.0389676 0.0170432 0.0262821 0.0181526 0.0224878 0.0356837 0.0394131 0.0173802 0.0181151 0.0349817 0.0212198 0.0182960 0.0207860 0.0169754 0.0237317 0.0229727 0.0419511 0.0352661 0.0256918 0.0303013 0.0356094 0.0171908 0.0191195 0.0234108 0.0339935 0.0187166 0.0326695 0.0319540 0.0186793 0.0270392 0.0204883 0.0315673 0.0187103 0.0336708 0.0271098 0.0250937 0.0321505 0.0279132 0.0264736 0.0314165 0.0171963 0.0213605 0.0289678 0.0268802 0.0324156 0.0357933 0.0293824 0.0223089 0.0314075 0.0337457 0.0312133 0.0314790 0.0203230 0.0170462 0.0317182 0.0247452 0.0326174 0.0180828 0.0178203 0.0201547 0.0169552 0.0179364 0.0346202 0.0342240 0.0261785 0.0262091 0.0379895 0.0241999 0.0276451 0.0542449 0.0169713 
