52
MT-2_1_100 0.0000000 0.1471183 0.0930650 0.1290319 0.1236132 0.0468832 0.0260881 0.0938332 0.1056390 0.0477229 0.1536433 0.0989025 0.0260881 0.0152123 0.0532206 0.0642663 0.1582265 0.1135007 0.1348139 0.0103035 0.0531911 0.0101089 0.0155225 0.1916922 0.1048573 0.0952604 0.0759456 0.0951933 0.0207958 0.1385257 0.0207958 0.0831226 0.1409453 0.1297025 0.1236132 0.1515220 0.1599886 0.1726022 0.0871791 0.0645942 0.1320319 0.1245809 0.0691448 0.1842798 0.0421889 0.0930650 0.1227628 0.0260874 0.0476366 0.1609955 0.0260874 0.2579464 
MT-4_1_450 0.1471183 0.0000000 0.0466880 0.1625234 0.2352423 0.1796251 0.1263750 0.2147451 0.2283679 0.1027485 0.0050451 0.0413642 0.1263750 0.1535894 0.0852579 0.1441730 0.1696970 0.1619714 0.0101078 0.1443630 0.1321656 0.1598738 0.1260970 0.2164569 0.1621107 0.1679503 0.1457837 0.1678231 0.1323081 0.1753539 0.1323081 0.1545169 0.0050374 0.2284601 0.2352423 0.1629079 0.0101301 0.0204035 0.1434831 0.1334787 0.1685471 0.2371932 0.2007783 0.2089690 0.1323739 0.0466880 0.1560827 0.1263420 0.1146626 0.1888041 0.1263420 0.3618650 
MT-4_1_250 0.0930650 0.0466880 0.0000000 0.1444829 0.2116011 0.1232586 0.0743760 0.1781496 0.1914317 0.0522967 0.0521384 0.0050389 0.0743760 0.0990499 0.0360904 0.1026356 0.1375872 0.1061645 0.0360481 0.0912927 0.0911886 0.1049491 0.0742355 0.1972351 0.1321205 0.1119097 0.0920711 0.1118301 0.0799578 0.1185348 0.0799578 0.0995622 0.0413486 0.2184367 0.2116011 0.1311127 0.0575835 0.0685309 0.1141218 0.0805844 0.1122672 0.2133596 0.1489281 0.1899672 0.0913208 0.0000010 0.1381838 0.0743666 0.0633455 0.1702156 0.0743666 0.3072353 
MT-2_2_450 0.1290319 0.1625234 0.1444829 0.0000000 0.2577417 0.1872038 0.1089160 0.2366865 0.2506813 0.1087207 0.1690851 0.1384708 0.1089160 0.1353574 0.1145963 0.0577662 0.2155979 0.1808889 0.1624604 0.1265995 0.0687550 0.1415315 0.1086878 0.0592980 0.0203795 0.1612535 0.1394037 0.1611323 0.1147481 0.2078224 0.1147481 0.1479754 0.1686660 0.2507831 0.2577417 0.2084058 0.1754306 0.1754306 0.0361067 0.1272167 0.2007389 0.2458047 0.2087432 0.0425815 0.0913208 0.1444829 0.0050447 0.0969782 0.1207576 0.0256875 0.0969782 0.3874709 
MT-2_1_500 0.1236132 0.2352423 0.2116011 0.2577417 0.0000000 0.0703278 0.1580223 0.0255890 0.0255986 0.1846339 0.2428224 0.2077518 0.1580223 0.1421846 0.1913351 0.2043137 0.2605321 0.2228969 0.2351475 0.1384819 0.1909965 0.1114331 0.1449574 0.3017127 0.2545472 0.2017164 0.1775274 0.2015543 0.1516140 0.2519371 0.1516140 0.1872410 0.2283679 0.0050510 0.0101352 0.2527065 0.2421119 0.2559579 0.2326835 0.1711869 0.2442339 0.0102077 0.0520789 0.2941112 0.1774317 0.2116011 0.2501395 0.1579632 0.1710399 0.2800810 0.1579632 0.4142643 
MT-2_1_250 0.0468832 0.1796251 0.1232586 0.1872038 0.0703278 0.0000000 0.0759468 0.0425452 0.0535533 0.0993242 0.1865232 0.1293448 0.0759468 0.0632769 0.1052486 0.1170365 0.1918089 0.1450370 0.1668013 0.0588689 0.1051492 0.0361610 0.0645197 0.2565824 0.1610680 0.1259964 0.1053401 0.1259044 0.0702606 0.1711629 0.0702606 0.1132350 0.1731920 0.0760044 0.0703278 0.1847628 0.1860702 0.1990629 0.1418889 0.0935104 0.1643402 0.0708609 0.0204722 0.2481960 0.0932384 0.1232586 0.1803378 0.0759368 0.0874779 0.2220250 0.0759368 0.3127849 
MT-4_2_50  0.0260881 0.1263750 0.0743760 0.1089160 0.1580223 0.0759468 0.0000000 0.1264728 0.1389859 0.0203790 0.1326057 0.0799885 0.0100953 0.0314577 0.0361369 0.0467688 0.1364697 0.0936036 0.1145296 0.0255696 0.0361212 0.0368361 0.0101025 0.1686103 0.0856978 0.0761061 0.0468970 0.0760545 0.0050294 0.1176136 0.0050294 0.0645152 0.1204316 0.1644745 0.1580223 0.1300641 0.1387057 0.1508623 0.0687394 0.0361946 0.1114078 0.1593035 0.0997469 0.1615913 0.0255770 0.0743760 0.1029195 0.0101182 0.0203464 0.1395463 0.0101182 0.2456068 
MT-2_1_350 0.0938332 0.2147451 0.1781496 0.2366865 0.0255890 0.0425452 0.1264728 0.0000000 0.0101276 0.1520786 0.2221061 0.1748088 0.1264728 0.1117327 0.1585452 0.1712196 0.2388742 0.1885763 0.2012955 0.1077171 0.1583166 0.0821077 0.1139289 0.2648089 0.2195697 0.1681466 0.1453224 0.1680157 0.1202823 0.2166094 0.1202823 0.1543114 0.2079987 0.0308188 0.0255890 0.2312431 0.2214951 0.2351024 0.1985115 0.1391587 0.2092229 0.0257738 0.0255780 0.2719450 0.1452605 0.1781496 0.2292736 0.1264384 0.1390422 0.2585717 0.1264384 0.3889286 
MT-2_1_400 0.1056390 0.2283679 0.1914317 0.2506813 0.0255986 0.0535533 0.1389859 0.0101276 0.0000000 0.1649965 0.2358743 0.1878872 0.1389859 0.1238089 0.1715584 0.1843614 0.2532706 0.2022086 0.2147451 0.1199166 0.1712891 0.0937313 0.1262338 0.2649188 0.2334748 0.1814735 0.1581014 0.1813304 0.1327073 0.2306524 0.1327073 0.1673815 0.2215354 0.0308304 0.0152521 0.2455096 0.2351972 0.2489661 0.2120895 0.1518657 0.2231372 0.0257836 0.0360720 0.2720576 0.1580272 0.1914317 0.2431426 0.1389427 0.1517369 0.2586768 0.1389427 0.4057854 
MT-4_1_100 0.0477229 0.1027485 0.0522967 0.1087207 0.1846339 0.0993242 0.0203790 0.1520786 0.1649965 0.0000000 0.1087437 0.0577416 0.0203790 0.0532894 0.0152496 0.0686922 0.1245946 0.0822395 0.0912513 0.0467913 0.0577144 0.0588379 0.0308070 0.1587890 0.0969337 0.0763199 0.0470162 0.0762680 0.0255580 0.1059733 0.0255580 0.0646905 0.0969795 0.1912901 0.1846339 0.1182738 0.1146540 0.1264632 0.0797516 0.0362840 0.0998515 0.1861517 0.1240723 0.1519955 0.0468051 0.0522967 0.1027394 0.0308570 0.0203942 0.1331949 0.0308570 0.2609460 
MT-4_1_500 0.1536433 0.0050451 0.0521384 0.1690851 0.2428224 0.1865232 0.1326057 0.2221061 0.2358743 0.1087437 0.0000000 0.0467694 0.1326057 0.1601905 0.0910641 0.1505589 0.1766261 0.1687608 0.0152358 0.1507612 0.1384388 0.1665373 0.1323081 0.2236826 0.1686514 0.1747823 0.1522741 0.1746486 0.1385939 0.1823062 0.1385939 0.1611783 0.0101235 0.2359699 0.2428224 0.1697513 0.0050432 0.0152352 0.1498264 0.1398407 0.1754131 0.2448490 0.2079624 0.2160760 0.1386605 0.0521384 0.1625691 0.1325686 0.1207873 0.1956692 0.1325686 0.3712791 
MT-4_1_300 0.0989025 0.0413642 0.0050389 0.1384708 0.2077518 0.1293448 0.0799885 0.1748088 0.1878872 0.0577416 0.0467694 0.0000000 0.0799885 0.1049396 0.0413980 0.1084372 0.1438813 0.1121831 0.0307964 0.0970240 0.0969116 0.1108811 0.0798348 0.1907928 0.1381303 0.1179554 0.0978643 0.1178709 0.0856089 0.1246621 0.0856089 0.1054918 0.0360617 0.2144853 0.2077518 0.1373469 0.0521755 0.0630506 0.1199937 0.0862888 0.1183368 0.2094561 0.1489281 0.1836030 0.0970528 0.0050389 0.1322228 0.0799773 0.0688831 0.1640025 0.0799773 0.3148457 
MT-4_1_50  0.0260881 0.1263750 0.0743760 0.1089160 0.1580223 0.0759468 0.0100953 0.1264728 0.1389859 0.0203790 0.1326057 0.0799885 0.0000000 0.0314577 0.0361369 0.0575643 0.1364697 0.0936036 0.1145296 0.0255696 0.0467688 0.0368361 0.0101025 0.1686103 0.0970999 0.0761061 0.0468970 0.0760545 0.0050294 0.1176136 0.0050294 0.0645152 0.1204316 0.1644745 0.1580223 0.1300641 0.1387057 0.1508623 0.0798792 0.0361946 0.1114078 0.1593035 0.0997469 0.1615913 0.0360592 0.0743760 0.1029195 0.0203788 0.0203464 0.1395463 0.0203788 0.2456068 
MT-2_1_150 0.0152123 0.1535894 0.0990499 0.1353574 0.1421846 0.0632769 0.0314577 0.1117327 0.1238089 0.0532894 0.1601905 0.1049396 0.0314577 0.0000000 0.0588359 0.0699703 0.1649920 0.1198073 0.1411754 0.0260549 0.0588010 0.0255734 0.0207954 0.1987863 0.1109537 0.1013897 0.0817902 0.1013177 0.0261207 0.1450791 0.0261207 0.0891176 0.1473616 0.1484099 0.1421846 0.1582113 0.1665958 0.1793196 0.0931037 0.0703344 0.1385126 0.1433086 0.0861668 0.1912678 0.0476960 0.0990499 0.1290201 0.0314565 0.0531908 0.1676537 0.0314565 0.2658552 
MT-4_1_150 0.0532206 0.0852579 0.0360904 0.1145963 0.1913351 0.1052486 0.0361369 0.1585452 0.1715584 0.0152496 0.0910641 0.0413980 0.0361369 0.0588359 0.0000000 0.0742574 0.1307823 0.0880644 0.0740561 0.0521858 0.0632001 0.0644256 0.0360762 0.1651230 0.1027110 0.0820880 0.0635612 0.0820317 0.0414379 0.1119934 0.0414379 0.0703484 0.0796377 0.1980399 0.1913351 0.1244014 0.0968143 0.1083237 0.0853895 0.0525474 0.1058140 0.1929139 0.1302291 0.1582501 0.0522015 0.0360904 0.1085611 0.0361352 0.0361641 0.1392862 0.0361352 0.2699405 
MT-2_2_250 0.0642663 0.1441730 0.1026356 0.0577662 0.2043137 0.1170365 0.0467688 0.1712196 0.1843614 0.0686922 0.1505589 0.1084372 0.0575643 0.0699703 0.0742574 0.0000000 0.1682907 0.1357950 0.1441171 0.0630287 0.0101056 0.0756327 0.0466874 0.1120614 0.0361654 0.1173021 0.0973614 0.1172187 0.0521382 0.1611613 0.0521382 0.1049301 0.1502043 0.1976754 0.2043137 0.1615831 0.1567742 0.1567742 0.0204110 0.0858596 0.1545508 0.1925668 0.1424026 0.1057393 0.0307775 0.1026356 0.0522456 0.0360124 0.0685604 0.0860683 0.0360124 0.3113481 
MT-4_2_570 0.1582265 0.1696970 0.1375872 0.2155979 0.2605321 0.1918089 0.1364697 0.2388742 0.2532706 0.1245946 0.1766261 0.1438813 0.1364697 0.1649920 0.1307823 0.1682907 0.0000000 0.0309214 0.1826628 0.1551812 0.1555713 0.1715433 0.1361520 0.2569247 0.2159281 0.0469288 0.0819594 0.0523726 0.1426405 0.0256230 0.1426405 0.0634883 0.1761592 0.2533761 0.2605321 0.0050494 0.1762035 0.1893291 0.1951811 0.0878092 0.0308992 0.2627829 0.2062156 0.2597243 0.1427091 0.1375872 0.2228511 0.1364289 0.1121792 0.2449101 0.1364289 0.3967652 
MT-4_2_400 0.1135007 0.1619714 0.1061645 0.1808889 0.2228969 0.1450370 0.0936036 0.1885763 0.2022086 0.0822395 0.1687608 0.1121831 0.0936036 0.1198073 0.0880644 0.1357950 0.0309214 0.0000000 0.1492562 0.1113105 0.1236019 0.1259909 0.0934122 0.2157487 0.1811412 0.0101176 0.0423890 0.0152408 0.0994436 0.0204280 0.0994436 0.0256510 0.1555915 0.2299078 0.2228969 0.0309214 0.1683703 0.1812745 0.1613897 0.0478926 0.0152452 0.2247845 0.1584246 0.2299169 0.1113443 0.1061645 0.1877647 0.0935871 0.0706217 0.2087170 0.0935871 0.3628890 
MT-4_1_350 0.1348139 0.0101078 0.0360481 0.1624604 0.2351475 0.1668013 0.1145296 0.2012955 0.2147451 0.0912513 0.0152358 0.0307964 0.1145296 0.1411754 0.0740561 0.1441171 0.1826628 0.1492562 0.0000000 0.1322832 0.1321144 0.1473752 0.1142861 0.2163713 0.1620487 0.1551872 0.1335437 0.1550709 0.1203850 0.1624119 0.1203850 0.1420001 0.0050356 0.2420604 0.2351475 0.1757555 0.0203959 0.0308084 0.1434277 0.1214218 0.1557267 0.2370969 0.1875582 0.2088868 0.1323226 0.0360481 0.1560223 0.1145035 0.1029684 0.1887302 0.1145035 0.3461682 
MT-2_1_50  0.0103035 0.1443630 0.0912927 0.1265995 0.1384819 0.0588689 0.0255696 0.1077171 0.1199166 0.0467913 0.1507612 0.0970240 0.0255696 0.0260549 0.0521858 0.0630287 0.1551812 0.1113105 0.1322832 0.0000000 0.0521582 0.0207795 0.0152109 0.1880002 0.1028688 0.0934122 0.0744845 0.0933477 0.0203805 0.1358637 0.0203805 0.0815067 0.1383028 0.1447724 0.1384819 0.1486101 0.1569877 0.1693703 0.0855173 0.0633435 0.1294960 0.1395908 0.0819638 0.1807494 0.0308068 0.0912927 0.1204489 0.0255689 0.0467083 0.1579581 0.0255689 0.2528170 
MT-2_2_200 0.0531911 0.1321656 0.0911886 0.0687550 0.1909965 0.1051492 0.0361212 0.1583166 0.1712891 0.0577144 0.1384388 0.0969116 0.0467688 0.0588010 0.0632001 0.0101056 0.1555713 0.1236019 0.1321144 0.0521582 0.0000000 0.0643849 0.0360606 0.1241362 0.0468285 0.1053827 0.0859249 0.1053087 0.0414185 0.1485962 0.0414185 0.0932301 0.1381235 0.1844363 0.1909965 0.1489786 0.1445685 0.1567742 0.0308317 0.0745902 0.1420981 0.1792965 0.1300778 0.1176792 0.0203766 0.0911886 0.0631391 0.0255451 0.0576079 0.0975228 0.0255451 0.2962584 
MT-2_1_200 0.0101089 0.1598738 0.1049491 0.1415315 0.1114331 0.0361610 0.0368361 0.0821077 0.0937313 0.0588379 0.1665373 0.1108811 0.0368361 0.0255734 0.0644256 0.0756327 0.1715433 0.1259909 0.1473752 0.0207795 0.0643849 0.0000000 0.0260896 0.2055881 0.1169443 0.1074282 0.0875769 0.1073514 0.0314604 0.1514606 0.0314604 0.0950416 0.1536037 0.1174291 0.1114331 0.1647012 0.1729888 0.1857946 0.0989520 0.0760335 0.1448347 0.1122993 0.0580076 0.1979810 0.0531911 0.1049491 0.1351388 0.0368342 0.0587270 0.1740945 0.0368342 0.2732810 
MT-2_1_10  0.0155225 0.1260970 0.0742355 0.1086878 0.1449574 0.0645197 0.0101025 0.1139289 0.1262338 0.0308070 0.1323081 0.0798348 0.0101025 0.0207954 0.0360762 0.0466874 0.1361520 0.0934122 0.1142861 0.0152109 0.0360606 0.0260896 0.0000000 0.1681796 0.0855302 0.0759586 0.0577819 0.0759072 0.0050329 0.1173552 0.0050329 0.0643951 0.1201712 0.1513023 0.1449574 0.1297673 0.1383888 0.1505054 0.0686119 0.0469086 0.1111678 0.1461231 0.0878499 0.1611884 0.0255355 0.0742355 0.1027079 0.0101025 0.0307554 0.1392248 0.0101025 0.2462035 
MT-2_2_570 0.1916922 0.2164569 0.1972351 0.0592980 0.3017127 0.2565824 0.1686103 0.2648089 0.2649188 0.1587890 0.2236826 0.1907928 0.1686103 0.1987863 0.1651230 0.1120614 0.2569247 0.2157487 0.2163713 0.1880002 0.1241362 0.2055881 0.1681796 0.0000000 0.0706252 0.2131039 0.1885521 0.2129312 0.1750085 0.2519714 0.1750085 0.1984663 0.2230297 0.2943491 0.2869004 0.2527314 0.2305263 0.2305263 0.0880156 0.1821843 0.2443659 0.2893945 0.2495294 0.0101398 0.1490242 0.1972351 0.0650098 0.1552053 0.1816647 0.0363054 0.1552053 0.4639404 
MT-2_2_350 0.1048573 0.1621107 0.1321205 0.0203795 0.2545472 0.1610680 0.0856978 0.2195697 0.2334748 0.0969337 0.1686514 0.1381303 0.0970999 0.1109537 0.1027110 0.0361654 0.2159281 0.1811412 0.1620487 0.1028688 0.0468285 0.1169443 0.0855302 0.0706252 0.0000000 0.1614668 0.1395745 0.1613452 0.0913622 0.2081332 0.0913622 0.1481634 0.1682350 0.2475508 0.2545472 0.2087188 0.1749765 0.1749765 0.0152278 0.1273673 0.2010333 0.2425218 0.1883201 0.0647871 0.0686966 0.1321205 0.0152093 0.0742007 0.1087431 0.0469348 0.0742007 0.3540950 
MT-4_2_350 0.0952604 0.1679503 0.1119097 0.1612535 0.2017164 0.1259964 0.0761061 0.1681466 0.1814735 0.0763199 0.1747823 0.1179554 0.0761061 0.1013897 0.0820880 0.1173021 0.0469288 0.0101176 0.1551872 0.0934122 0.1053827 0.1074282 0.0759586 0.2131039 0.1614668 0.0000000 0.0261715 0.0000010 0.0818157 0.0308457 0.0818157 0.0101338 0.1615467 0.2085769 0.2017164 0.0415037 0.1743708 0.1873178 0.1422267 0.0315393 0.0255763 0.2034083 0.1389921 0.2199273 0.0934405 0.1119097 0.1679344 0.0760960 0.0536382 0.1949327 0.0760960 0.3555039 
MT-4_2_200 0.0759456 0.1457837 0.0920711 0.1394037 0.1775274 0.1053401 0.0468970 0.1453224 0.1581014 0.0470162 0.1522741 0.0978643 0.0468970 0.0817902 0.0635612 0.0973614 0.0819594 0.0423890 0.1335437 0.0744845 0.0859249 0.0875769 0.0577819 0.1885521 0.1395745 0.0261715 0.0000000 0.0261549 0.0522830 0.0646254 0.0522830 0.0155402 0.1396421 0.1841113 0.1775274 0.0760969 0.1519474 0.1643780 0.1211837 0.0050407 0.0589374 0.1789781 0.1177143 0.1951258 0.0745065 0.0920711 0.1457703 0.0578809 0.0257058 0.1715573 0.0578809 0.3151987 
MT-4_2_300 0.0951933 0.1678231 0.1118301 0.1611323 0.2015543 0.1259044 0.0760545 0.1680157 0.1813304 0.0762680 0.1746486 0.1178709 0.0760545 0.1013177 0.0820317 0.1172187 0.0523726 0.0152408 0.1550709 0.0933477 0.1053087 0.1073514 0.0759072 0.2129312 0.1613452 0.0000010 0.0261549 0.0000000 0.0817598 0.0361420 0.0817598 0.0101280 0.1614250 0.2084088 0.2015543 0.0468952 0.1742381 0.1871735 0.1421229 0.0315192 0.0308233 0.2032441 0.1388887 0.2197484 0.0933759 0.1118301 0.1678072 0.0760444 0.0536035 0.1947806 0.0760444 0.3645952 
MT-4_1_10  0.0207958 0.1323081 0.0799578 0.1147481 0.1516140 0.0702606 0.0050294 0.1202823 0.1327073 0.0255580 0.1385939 0.0856089 0.0050294 0.0261207 0.0414379 0.0521382 0.1426405 0.0994436 0.1203850 0.0203805 0.0414185 0.0314604 0.0050329 0.1750085 0.0913622 0.0818157 0.0522830 0.0817598 0.0000000 0.1236316 0.0000010 0.0701231 0.1263260 0.1580223 0.1516140 0.1361798 0.1447362 0.1569679 0.0742760 0.0415041 0.1173727 0.1528400 0.0938482 0.1679128 0.0307937 0.0799578 0.1087011 0.0152279 0.0255162 0.1456191 0.0152279 0.2385396 
MT-4_2_500 0.1385257 0.1753539 0.1185348 0.2078224 0.2519371 0.1711629 0.1176136 0.2166094 0.2306524 0.1059733 0.1823062 0.1246621 0.1176136 0.1450791 0.1119934 0.1611613 0.0256230 0.0204280 0.1624119 0.1358637 0.1485962 0.1514606 0.1173552 0.2519714 0.2081332 0.0308457 0.0646254 0.0361420 0.1236316 0.0000000 0.1236316 0.0469343 0.1688599 0.2591470 0.2519371 0.0203967 0.1818638 0.1949921 0.1876781 0.0703161 0.0050430 0.2540959 0.1850977 0.2589383 0.1359051 0.1185348 0.2149664 0.1175852 0.0939273 0.2366989 0.1175852 0.3882000 
MT-2_2_10  0.0207958 0.1323081 0.0799578 0.1147481 0.1516140 0.0702606 0.0050294 0.1202823 0.1327073 0.0255580 0.1385939 0.0856089 0.0050294 0.0261207 0.0414379 0.0521382 0.1426405 0.0994436 0.1203850 0.0203805 0.0414185 0.0314604 0.0050329 0.1750085 0.0913622 0.0818157 0.0522830 0.0817598 0.0000010 0.1236316 0.0000000 0.0701231 0.1263260 0.1580223 0.1516140 0.1361798 0.1447362 0.1569679 0.0742760 0.0415041 0.1173727 0.1528400 0.0938482 0.1679128 0.0307937 0.0799578 0.1087011 0.0152279 0.0255162 0.1456191 0.0152279 0.2385396 
MT-4_2_250 0.0831226 0.1545169 0.0995622 0.1479754 0.1872410 0.1132350 0.0645152 0.1543114 0.1673815 0.0646905 0.1611783 0.1054918 0.0645152 0.0891176 0.0703484 0.1049301 0.0634883 0.0256510 0.1420001 0.0815067 0.0932301 0.0950416 0.0643951 0.1984663 0.1481634 0.0101338 0.0155402 0.0101280 0.0701231 0.0469343 0.0701231 0.0000000 0.1482362 0.1939714 0.1872410 0.0578971 0.1608178 0.1735225 0.1293316 0.0208072 0.0415075 0.1887959 0.1259291 0.2051762 0.0815312 0.0995622 0.1545024 0.0645084 0.0424462 0.1809133 0.0645084 0.3465456 
MT-4_1_400 0.1409453 0.0050374 0.0413486 0.1686660 0.2283679 0.1731920 0.1204316 0.2079987 0.2215354 0.0969795 0.0101235 0.0360617 0.1204316 0.1473616 0.0796377 0.1502043 0.1761592 0.1555915 0.0050356 0.1383028 0.1381235 0.1536037 0.1201712 0.2230297 0.1682350 0.1615467 0.1396421 0.1614250 0.1263260 0.1688599 0.1263260 0.1482362 0.0000000 0.2352423 0.2283679 0.1693109 0.0152464 0.0255885 0.1494762 0.1274287 0.1621139 0.2440710 0.1941460 0.2154607 0.1383440 0.0413486 0.1621738 0.1204023 0.1087948 0.1951442 0.1204023 0.3539981 
MT-2_1_550 0.1297025 0.2284601 0.2184367 0.2507831 0.0050510 0.0760044 0.1644745 0.0308188 0.0308304 0.1912901 0.2359699 0.2144853 0.1644745 0.1484099 0.1980399 0.1976754 0.2533761 0.2299078 0.2420604 0.1447724 0.1844363 0.1174291 0.1513023 0.2943491 0.2475508 0.2085769 0.1841113 0.2084088 0.1580223 0.2591470 0.1580223 0.1939714 0.2352423 0.0000000 0.0152578 0.2456116 0.2352921 0.2490664 0.2258398 0.1777362 0.2513805 0.0050871 0.0574961 0.2868004 0.1709682 0.2184367 0.2432411 0.1644094 0.1775824 0.2729825 0.1644094 0.4227718 
MT-2_1_450 0.1236132 0.2352423 0.2116011 0.2577417 0.0101352 0.0703278 0.1580223 0.0255890 0.0152521 0.1846339 0.2428224 0.2077518 0.1580223 0.1421846 0.1913351 0.2043137 0.2605321 0.2228969 0.2351475 0.1384819 0.1909965 0.1114331 0.1449574 0.2869004 0.2545472 0.2017164 0.1775274 0.2015543 0.1516140 0.2519371 0.1516140 0.1872410 0.2283679 0.0152578 0.0000000 0.2527065 0.2421119 0.2559579 0.2326835 0.1711869 0.2442339 0.0205589 0.0520789 0.2794087 0.1774317 0.2116011 0.2501395 0.1579632 0.1710399 0.2658097 0.1579632 0.4311271 
MT-4_2_550 0.1515220 0.1629079 0.1311127 0.2084058 0.2527065 0.1847628 0.1300641 0.2312431 0.2455096 0.1182738 0.1697513 0.1373469 0.1300641 0.1582113 0.1244014 0.1615831 0.0050494 0.0309214 0.1757555 0.1486101 0.1489786 0.1647012 0.1297673 0.2527314 0.2087188 0.0415037 0.0760969 0.0468952 0.1361798 0.0203967 0.1361798 0.0578971 0.1693109 0.2456116 0.2527065 0.0000000 0.1693542 0.1823585 0.1881902 0.0818903 0.0256208 0.2548796 0.1989988 0.2597243 0.1362478 0.1311127 0.2155768 0.1300278 0.1059905 0.2373935 0.1300278 0.4063015 
MT-4_1_550 0.1599886 0.0101301 0.0575835 0.1754306 0.2421119 0.1860702 0.1387057 0.2214951 0.2351972 0.1146540 0.0050432 0.0521755 0.1387057 0.1665958 0.0968143 0.1567742 0.1762035 0.1683703 0.0203959 0.1569877 0.1445685 0.1729888 0.1383888 0.2305263 0.1749765 0.1743708 0.1519474 0.1742381 0.1447362 0.1818638 0.1447362 0.1608178 0.0152464 0.2352921 0.2421119 0.1693542 0.0000000 0.0101191 0.1560006 0.1395535 0.1749980 0.2441234 0.2074168 0.2228268 0.1448031 0.0575835 0.1688563 0.1386643 0.1268049 0.2022437 0.1386643 0.3795236 
MT-4_1_570 0.1726022 0.0204035 0.0685309 0.1754306 0.2559579 0.1990629 0.1508623 0.2351024 0.2489661 0.1264632 0.0152352 0.0630506 0.1508623 0.1793196 0.1083237 0.1567742 0.1893291 0.1812745 0.0308084 0.1693703 0.1567742 0.1857946 0.1505054 0.2305263 0.1749765 0.1873178 0.1643780 0.1871735 0.1569679 0.1949921 0.1569679 0.1735225 0.0255885 0.2490664 0.2559579 0.1823585 0.0101191 0.0000000 0.1560006 0.1518057 0.1880070 0.2580916 0.2208007 0.2228268 0.1570347 0.0685309 0.1688563 0.1508115 0.1388139 0.2022437 0.1508115 0.3954661 
MT-2_2_300 0.0871791 0.1434831 0.1141218 0.0361067 0.2326835 0.1418889 0.0687394 0.1985115 0.2120895 0.0797516 0.1498264 0.1199937 0.0798792 0.0931037 0.0853895 0.0204110 0.1951811 0.1613897 0.1434277 0.0855173 0.0308317 0.0989520 0.0686119 0.0880156 0.0152278 0.1422267 0.1211837 0.1421229 0.0742760 0.1876781 0.0742760 0.1293316 0.1494762 0.2258398 0.2326835 0.1881902 0.1560006 0.1560006 0.0000000 0.1092832 0.1807913 0.2207712 0.1683166 0.0819833 0.0521794 0.1141218 0.0307931 0.0575672 0.0912411 0.0633759 0.0575672 0.3444751 
MT-4_2_150 0.0645942 0.1334787 0.0805844 0.1272167 0.1711869 0.0935104 0.0361946 0.1391587 0.1518657 0.0362840 0.1398407 0.0862888 0.0361946 0.0703344 0.0525474 0.0858596 0.0878092 0.0478926 0.1214218 0.0633435 0.0745902 0.0760335 0.0469086 0.1821843 0.1273673 0.0315393 0.0050407 0.0315192 0.0415041 0.0703161 0.0415041 0.0208072 0.1274287 0.1777362 0.1711869 0.0818903 0.1395535 0.1518057 0.1092832 0.0000000 0.0645740 0.1725841 0.1118083 0.1818164 0.0633623 0.0805844 0.1334665 0.0469872 0.0153054 0.1588126 0.0469872 0.2997176 
MT-4_2_450 0.1320319 0.1685471 0.1122672 0.2007389 0.2442339 0.1643402 0.1114078 0.2092229 0.2231372 0.0998515 0.1754131 0.1183368 0.1114078 0.1385126 0.1058140 0.1545508 0.0308992 0.0152452 0.1557267 0.1294960 0.1420981 0.1448347 0.1111678 0.2443659 0.2010333 0.0255763 0.0589374 0.0308233 0.1173727 0.0050430 0.1173727 0.0415075 0.1621139 0.2513805 0.2442339 0.0256208 0.1749980 0.1880070 0.1807913 0.0645740 0.0000000 0.2463170 0.1781121 0.2512831 0.1295354 0.1122672 0.2078023 0.1113829 0.0879305 0.2292981 0.1113829 0.3788054 
MT-2_1_570 0.1245809 0.2371932 0.2133596 0.2458047 0.0102077 0.0708609 0.1593035 0.0257738 0.0257836 0.1861517 0.2448490 0.2094561 0.1593035 0.1433086 0.1929139 0.1925668 0.2627829 0.2247845 0.2370969 0.1395908 0.1792965 0.1122993 0.1461231 0.2893945 0.2425218 0.2034083 0.1789781 0.2032441 0.1528400 0.2540959 0.1528400 0.1887959 0.2440710 0.0050871 0.0205589 0.2548796 0.2441234 0.2580916 0.2207712 0.1725841 0.2463170 0.0000000 0.0524609 0.2818277 0.1658123 0.2133596 0.2382533 0.1592429 0.1724345 0.2680585 0.1592429 0.4073770 
MT-2_1_300 0.0691448 0.2007783 0.1489281 0.2087432 0.0520789 0.0204722 0.0997469 0.0255780 0.0360720 0.1240723 0.2079624 0.1489281 0.0997469 0.0861668 0.1302291 0.1424026 0.2062156 0.1584246 0.1875582 0.0819638 0.1300778 0.0580076 0.0878499 0.2495294 0.1883201 0.1389921 0.1177143 0.1388887 0.0938482 0.1850977 0.0938482 0.1259291 0.1941460 0.0574961 0.0520789 0.1989988 0.2074168 0.2208007 0.1683166 0.1118083 0.1781121 0.0524609 0.0000000 0.2565709 0.1176750 0.1489281 0.2016130 0.0997277 0.1117187 0.2299068 0.0997277 0.3479592 
MT-2_2_550 0.1842798 0.2089690 0.1899672 0.0425815 0.2941112 0.2481960 0.1615913 0.2719450 0.2720576 0.1519955 0.2160760 0.1836030 0.1615913 0.1912678 0.1582501 0.1057393 0.2597243 0.2299169 0.2088868 0.1807494 0.1176792 0.1979810 0.1611884 0.0101398 0.0647871 0.2199273 0.1951258 0.2197484 0.1679128 0.2589383 0.1679128 0.2051762 0.2154607 0.2868004 0.2794087 0.2597243 0.2228268 0.2228268 0.0819833 0.1818164 0.2512831 0.2818277 0.2565709 0.0000000 0.1422693 0.1899672 0.0481358 0.1483825 0.1744814 0.0204761 0.1483825 0.4438479 
MT-2_2_150 0.0421889 0.1323739 0.0913208 0.0913208 0.1774317 0.0932384 0.0255770 0.1452605 0.1580272 0.0468051 0.1386605 0.0970528 0.0360592 0.0476960 0.0522015 0.0307775 0.1427091 0.1113443 0.1323226 0.0308068 0.0203766 0.0531911 0.0255355 0.1490242 0.0686966 0.0934405 0.0745065 0.0933759 0.0307937 0.1359051 0.0307937 0.0815312 0.1383440 0.1709682 0.1774317 0.1362478 0.1448031 0.1570347 0.0521794 0.0633623 0.1295354 0.1658123 0.1176750 0.1422693 0.0000000 0.0913208 0.0854998 0.0151960 0.0467220 0.1210891 0.0151960 0.2830242 
MT-4_1_200 0.0930650 0.0466880 0.0000010 0.1444829 0.2116011 0.1232586 0.0743760 0.1781496 0.1914317 0.0522967 0.0521384 0.0050389 0.0743760 0.0990499 0.0360904 0.1026356 0.1375872 0.1061645 0.0360481 0.0912927 0.0911886 0.1049491 0.0742355 0.1972351 0.1321205 0.1119097 0.0920711 0.1118301 0.0799578 0.1185348 0.0799578 0.0995622 0.0413486 0.2184367 0.2116011 0.1311127 0.0575835 0.0685309 0.1141218 0.0805844 0.1122672 0.2133596 0.1489281 0.1899672 0.0913208 0.0000000 0.1381838 0.0743666 0.0633455 0.1702156 0.0743666 0.3072353 
MT-2_2_400 0.1227628 0.1560827 0.1381838 0.0050447 0.2501395 0.1803378 0.1029195 0.2292736 0.2431426 0.1027394 0.1625691 0.1322228 0.1029195 0.1290201 0.1085611 0.0522456 0.2228511 0.1877647 0.1560223 0.1204489 0.0631391 0.1351388 0.1027079 0.0650098 0.0152093 0.1679344 0.1457703 0.1678072 0.1087011 0.2149664 0.1087011 0.1545024 0.1621738 0.2432411 0.2501395 0.2155768 0.1688563 0.1688563 0.0307931 0.1334665 0.2078023 0.2382533 0.2016130 0.0481358 0.0854998 0.1381838 0.0000000 0.0911108 0.1146523 0.0309781 0.0911108 0.3782624 
MT-2_2_100 0.0260874 0.1263420 0.0743666 0.0969782 0.1579632 0.0759368 0.0101182 0.1264384 0.1389427 0.0308570 0.1325686 0.0799773 0.0203788 0.0314565 0.0361352 0.0360124 0.1364289 0.0935871 0.1145035 0.0255689 0.0255451 0.0368342 0.0101025 0.1552053 0.0742007 0.0760960 0.0578809 0.0760444 0.0152279 0.1175852 0.0152279 0.0645084 0.1204023 0.1644094 0.1579632 0.1300278 0.1386643 0.1508115 0.0575672 0.0469872 0.1113829 0.1592429 0.0997277 0.1483825 0.0151960 0.0743666 0.0911108 0.0000000 0.0308053 0.1269692 0.0000010 0.2611024 
MT-4_2_100 0.0476366 0.1146626 0.0633455 0.1207576 0.1710399 0.0874779 0.0203464 0.1390422 0.1517369 0.0203942 0.1207873 0.0688831 0.0203464 0.0531908 0.0361641 0.0685604 0.1121792 0.0706217 0.1029684 0.0467083 0.0576079 0.0587270 0.0307554 0.1816647 0.1087431 0.0536382 0.0257058 0.0536035 0.0255162 0.0939273 0.0255162 0.0424462 0.1087948 0.1775824 0.1710399 0.1059905 0.1268049 0.1388139 0.0912411 0.0153054 0.0879305 0.1724345 0.1117187 0.1744814 0.0467220 0.0633455 0.1146523 0.0308053 0.0000000 0.1519081 0.0308053 0.2743258 
MT-2_2_500 0.1609955 0.1888041 0.1702156 0.0256875 0.2800810 0.2220250 0.1395463 0.2585717 0.2586768 0.1331949 0.1956692 0.1640025 0.1395463 0.1676537 0.1392862 0.0860683 0.2449101 0.2087170 0.1887302 0.1579581 0.0975228 0.1740945 0.1392248 0.0363054 0.0469348 0.1949327 0.1715573 0.1947806 0.1456191 0.2366989 0.1456191 0.1809133 0.1951442 0.2729825 0.2658097 0.2373935 0.2022437 0.2022437 0.0633759 0.1588126 0.2292981 0.2680585 0.2299068 0.0204761 0.1210891 0.1702156 0.0309781 0.1269692 0.1519081 0.0000000 0.1269692 0.4245193 
MT-2_2_50  0.0260874 0.1263420 0.0743666 0.0969782 0.1579632 0.0759368 0.0101182 0.1264384 0.1389427 0.0308570 0.1325686 0.0799773 0.0203788 0.0314565 0.0361352 0.0360124 0.1364289 0.0935871 0.1145035 0.0255689 0.0255451 0.0368342 0.0101025 0.1552053 0.0742007 0.0760960 0.0578809 0.0760444 0.0152279 0.1175852 0.0152279 0.0645084 0.1204023 0.1644094 0.1579632 0.1300278 0.1386643 0.1508115 0.0575672 0.0469872 0.1113829 0.1592429 0.0997277 0.1483825 0.0151960 0.0743666 0.0911108 0.0000010 0.0308053 0.1269692 0.0000000 0.2611024 
K03455.1   0.2579464 0.3618650 0.3072353 0.3874709 0.4142643 0.3127849 0.2456068 0.3889286 0.4057854 0.2609460 0.3712791 0.3148457 0.2456068 0.2658552 0.2699405 0.3113481 0.3967652 0.3628890 0.3461682 0.2528170 0.2962584 0.2732810 0.2462035 0.4639404 0.3540950 0.3555039 0.3151987 0.3645952 0.2385396 0.3882000 0.2385396 0.3465456 0.3539981 0.4227718 0.4311271 0.4063015 0.3795236 0.3954661 0.3444751 0.2997176 0.3788054 0.4073770 0.3479592 0.4438479 0.2830242 0.3072353 0.3782624 0.2611024 0.2743258 0.4245193 0.2611024 0.0000000 
