50
MT-4_1_400                       0.0000000 0.0796864 0.1943157 0.1537158 0.0101285 0.1264173 0.0360810 0.1503173 0.2285878 0.1557147 0.1384050 0.0152541 0.1384464 0.1397530 0.2443138 0.2217455 0.0413711 0.1205176 0.1615532 0.1410436 0.0970438 0.1733294 0.1683649 0.1495849 0.1204876 0.2081900 0.1474673 0.0050399 0.0050380 0.1763127 0.1204876 0.1953107 0.2232431 0.1205176 0.2156579 0.1690011 0.2354722 0.1616751 0.0413711 0.0256019 0.1382248 0.1694555 0.3545022 0.1622981 0.2285878 0.1483476 0.1687981 0.1088706 0.1622458 0.1275262 
MT-4_1_150                       0.0796864 0.0000000 0.1303244 0.0644601 0.0911224 0.0414613 0.0414207 0.0743035 0.1914934 0.0881199 0.0522163 0.0968771 0.0522318 0.0636017 0.1930743 0.1716928 0.0361098 0.0361569 0.0820817 0.0532476 0.0152575 0.1053170 0.1027800 0.0854445 0.0361551 0.1586645 0.0588667 0.0853108 0.0741007 0.1308804 0.0361551 0.1393930 0.1652650 0.0361569 0.1583804 0.1120710 0.1982068 0.0821380 0.0361098 0.1083960 0.0632382 0.1244921 0.2702679 0.1086353 0.1914934 0.0703886 0.1146766 0.0361842 0.1058853 0.0525796 
MT-2_1_300                       0.1943157 0.1303244 0.0000000 0.0580432 0.2081529 0.0939083 0.1490431 0.1425083 0.0521079 0.1585418 0.0820128 0.2076024 0.1177557 0.1177956 0.0524901 0.0360913 0.1490431 0.0998119 0.1389842 0.0691889 0.1241615 0.0204830 0.1884852 0.1684542 0.0997922 0.0255912 0.0862247 0.2009559 0.1877190 0.2063978 0.0997922 0.2301331 0.2497857 0.0998119 0.2568355 0.1852488 0.0575286 0.1390877 0.1490431 0.2210032 0.1301712 0.1991696 0.3484609 0.2017953 0.0521079 0.1260102 0.2089371 0.1117946 0.1782532 0.1118843 
MT-2_1_200                       0.1537158 0.0644601 0.0580432 0.0000000 0.1666654 0.0314747 0.1109523 0.0756740 0.1115060 0.1260717 0.0207882 0.1731238 0.0532176 0.0876300 0.1123731 0.0937892 0.1050152 0.0368532 0.1074149 0.0101139 0.0588687 0.0361810 0.1170213 0.0990124 0.0368513 0.0821564 0.0255866 0.1599924 0.1474809 0.1716766 0.0368513 0.1742346 0.2057677 0.0368532 0.1981452 0.1515687 0.1175075 0.1074917 0.1050152 0.1859435 0.0644188 0.1648253 0.2735956 0.1352328 0.1115060 0.0950939 0.1416327 0.0587571 0.1449348 0.0760773 
MT-4_1_500                       0.0101285 0.0911224 0.2081529 0.1666654 0.0000000 0.1386990 0.0467957 0.1506745 0.2430681 0.1689017 0.1508779 0.0050457 0.1387652 0.1524008 0.2450980 0.2361095 0.0521681 0.1327050 0.1747948 0.1537563 0.1088193 0.1866790 0.1687843 0.1499376 0.1326671 0.2223209 0.1603117 0.0050476 0.0152425 0.1767841 0.1326671 0.1958396 0.2239012 0.1327050 0.2162779 0.1824668 0.2362055 0.1749286 0.0521681 0.0152428 0.1385423 0.1698982 0.3718339 0.1626955 0.2430681 0.1613060 0.1692197 0.1208755 0.1755635 0.1399528 
NL43_ann_wk0virusPassRef_plasmid 0.1264173 0.0414613 0.0939083 0.0314747 0.1386990 0.0000000 0.0856646 0.0521679 0.1517230 0.0995068 0.0203909 0.1448473 0.0308102 0.0523126 0.1529503 0.1327969 0.0800090 0.0050318 0.0818083 0.0208047 0.0255713 0.0703002 0.0914228 0.0743223 0.0152356 0.1203599 0.0261323 0.1324052 0.1204708 0.1427482 0.0152356 0.1457341 0.1751557 0.0050318 0.1680473 0.1237181 0.1581382 0.0818641 0.0800090 0.1570921 0.0414415 0.1362798 0.2387947 0.1087765 0.1517230 0.0701621 0.1148297 0.0255293 0.1174524 0.0415274 
MT-4_1_300                       0.0360810 0.0414207 0.1490431 0.1109523 0.0467957 0.0856646 0.0000000 0.1085108 0.2079415 0.1122612 0.0970885 0.0522061 0.0971174 0.0979342 0.2096483 0.1880512 0.0050413 0.0800398 0.1179534 0.0989630 0.0577760 0.1294355 0.1382316 0.1200764 0.0800283 0.1749564 0.1050057 0.0413868 0.0308127 0.1439959 0.0800283 0.1641360 0.1909664 0.0800398 0.1837629 0.1247541 0.2146836 0.1180379 0.0050413 0.0630874 0.0969755 0.1374533 0.3152620 0.1323187 0.2079415 0.1055614 0.1385738 0.0689262 0.1184216 0.0863480 
MT-2_2_250                       0.1503173 0.0743035 0.1425083 0.0756740 0.1506745 0.0521679 0.1085108 0.0000000 0.2044849 0.1358918 0.0630655 0.1568951 0.0307937 0.0974281 0.1927234 0.1845080 0.1027042 0.0467951 0.1172971 0.0642995 0.0687341 0.1171139 0.0361854 0.0204216 0.0360315 0.1713506 0.0700077 0.1442802 0.1442240 0.1684273 0.0360315 0.0861255 0.1121380 0.0575976 0.1058080 0.1612868 0.1978384 0.1173805 0.1027042 0.1568951 0.0101106 0.1617107 0.3117357 0.0522760 0.2044849 0.1049962 0.0578006 0.0686015 0.1546678 0.0859161 
MT-2_1_450                       0.2285878 0.1914934 0.0521079 0.1115060 0.2430681 0.1517230 0.2079415 0.2044849 0.0000000 0.2230877 0.1385746 0.2423510 0.1775685 0.1776656 0.0205695 0.0152599 0.2117861 0.1581382 0.2017149 0.1236979 0.1847838 0.0703658 0.2548000 0.2328988 0.1580781 0.0256023 0.1422885 0.2354722 0.2353769 0.2607885 0.1580781 0.2660974 0.2872273 0.1581382 0.2797187 0.2521742 0.0152656 0.2018771 0.2117861 0.2562176 0.1911511 0.2529481 0.4318418 0.2503965 0.0101402 0.1873806 0.2580131 0.1711708 0.2444570 0.1713178 
MT-4_2_400                       0.1557147 0.0881199 0.1585418 0.1260717 0.1689017 0.0995068 0.1122612 0.1358918 0.2230877 0.0000000 0.1113835 0.1685078 0.1114175 0.0424096 0.2249779 0.2023720 0.1062370 0.0936621 0.0152484 0.1135694 0.0822902 0.1451375 0.1812938 0.1615165 0.0936451 0.1887224 0.1198825 0.1621019 0.1493724 0.0309381 0.0936451 0.2089090 0.2159545 0.0936621 0.2301454 0.0204386 0.2301084 0.0101225 0.1062370 0.1814281 0.1236871 0.0309381 0.3634138 0.1879258 0.2230877 0.0256646 0.1810400 0.0706627 0.0152529 0.0479165 
MT-2_1_50                        0.1384050 0.0522163 0.0820128 0.0207882 0.1508779 0.0203909 0.0970885 0.0630655 0.1385746 0.1113835 0.0000000 0.1571111 0.0308231 0.0745319 0.1396845 0.1199917 0.0913535 0.0255829 0.0934048 0.0103075 0.0468179 0.0588998 0.1029386 0.0855718 0.0255822 0.1077814 0.0260661 0.1444713 0.1323796 0.1553014 0.0255822 0.1580855 0.1881622 0.0255829 0.1808978 0.1359614 0.1448714 0.0934694 0.0913535 0.1695065 0.0521877 0.1487222 0.2530980 0.1205344 0.1385746 0.0815536 0.1266916 0.0467344 0.1295865 0.0633823 
MT-4_1_550                       0.0152541 0.0968771 0.2076024 0.1731238 0.0050457 0.1448473 0.0522061 0.1568951 0.2423510 0.1685078 0.1571111 0.0000000 0.1449138 0.1520712 0.2443656 0.2354263 0.0576167 0.1388108 0.1743807 0.1601081 0.1147348 0.1862222 0.1751161 0.1561178 0.1387686 0.2217043 0.1667238 0.0101352 0.0204063 0.1763567 0.1387686 0.2024219 0.2307542 0.1388108 0.2230374 0.1820204 0.2355216 0.1745134 0.0576167 0.0101241 0.1446779 0.1694975 0.3800977 0.1689896 0.2423510 0.1609423 0.1755725 0.1268988 0.1751447 0.1396631 
MT-2_2_150                       0.1384464 0.0522318 0.1177557 0.0532176 0.1387652 0.0308102 0.0971174 0.0307937 0.1775685 0.1114175 0.0308231 0.1449138 0.0000000 0.0745541 0.1659361 0.1581424 0.0913808 0.0255904 0.0934332 0.0422088 0.0468317 0.0932950 0.0687386 0.0522098 0.0152034 0.1453620 0.0477192 0.1324707 0.1324191 0.1428164 0.0152034 0.1211774 0.1491386 0.0360787 0.1423731 0.1360031 0.1710978 0.0934978 0.0913808 0.1571583 0.0203870 0.1363474 0.2833651 0.0855545 0.1775685 0.0815783 0.0913808 0.0467482 0.1296261 0.0634012 
MT-4_2_200                       0.1397530 0.0636017 0.1177956 0.0876300 0.1524008 0.0523126 0.0979342 0.0974281 0.1776656 0.0424096 0.0745319 0.1520712 0.0745541 0.0000000 0.1791180 0.1582177 0.0921358 0.0469240 0.0261656 0.0759893 0.0470439 0.1054085 0.1396851 0.1212740 0.0579162 0.1454249 0.0818388 0.1459012 0.1336482 0.0820080 0.0579162 0.1717065 0.1887199 0.0469240 0.1953004 0.0646606 0.1842574 0.0261832 0.0921358 0.1645152 0.0859820 0.0761406 0.3156153 0.1458878 0.1776656 0.0155466 0.1395133 0.0257198 0.0589685 0.0050431 
MT-2_1_570                       0.2443138 0.1930743 0.0524901 0.1123731 0.2450980 0.1529503 0.2096483 0.1927234 0.0205695 0.2249779 0.1396845 0.2443656 0.1659361 0.1791180 0.0000000 0.0257970 0.2135470 0.1594209 0.2034068 0.1246666 0.1863045 0.0708992 0.2427560 0.2209701 0.1593591 0.0257872 0.1434136 0.2374261 0.2373293 0.2630430 0.1593591 0.2683502 0.2897261 0.1594209 0.2821422 0.2543363 0.0050896 0.2035711 0.2135470 0.2583547 0.1794372 0.2551246 0.4080147 0.2384926 0.0102128 0.1889373 0.2460580 0.1725670 0.2465433 0.1727167 
MT-2_1_400                       0.2217455 0.1716928 0.0360913 0.0937892 0.2361095 0.1327969 0.1880512 0.1845080 0.0152599 0.2023720 0.1199917 0.2354263 0.1581424 0.1582177 0.0257970 0.0000000 0.1915905 0.1390818 0.1814662 0.1057075 0.1651231 0.0535803 0.2336961 0.2122764 0.1390378 0.0101327 0.1238947 0.2285878 0.2149461 0.2535156 0.1390378 0.2589530 0.2652073 0.1390818 0.2723550 0.2308583 0.0308468 0.1816094 0.1915905 0.2492152 0.1714205 0.2457401 0.4064334 0.2433888 0.0256119 0.1674984 0.2509417 0.1518464 0.2233313 0.1519753 
MT-4_1_200                       0.0413711 0.0361098 0.1490431 0.1050152 0.0521681 0.0800090 0.0050413 0.1027042 0.2117861 0.1062370 0.0913535 0.0576167 0.0913808 0.0921358 0.2135470 0.1915905 0.0000000 0.0744229 0.1119069 0.0931208 0.0523267 0.1233435 0.1322159 0.1141993 0.0744132 0.1782919 0.0991111 0.0467139 0.0360674 0.1376948 0.0744132 0.1703553 0.1974168 0.0744229 0.1901346 0.1186207 0.2186310 0.1119865 0.0000010 0.0685715 0.0912479 0.1312124 0.3076359 0.1382853 0.2117861 0.0996267 0.1445916 0.0633845 0.1123462 0.0806388 
MT-4_2_50                        0.1205176 0.0361569 0.0998119 0.0368532 0.1327050 0.0050318 0.0800398 0.0467951 0.1581382 0.0936621 0.0255829 0.1388108 0.0255904 0.0469240 0.1594209 0.1390818 0.0744229 0.0000000 0.0760987 0.0260996 0.0203895 0.0759906 0.0857539 0.0687816 0.0101232 0.1265563 0.0314720 0.1264665 0.1146101 0.1365712 0.0101232 0.1396552 0.1687499 0.0101003 0.1617188 0.1176945 0.1645976 0.0761504 0.0744229 0.1509798 0.0361409 0.1301580 0.2458735 0.1029900 0.1581382 0.0645505 0.1089925 0.0203566 0.1114822 0.0362147 
MT-4_2_300                       0.1615532 0.0820817 0.1389842 0.1074149 0.1747948 0.0818083 0.1179534 0.1172971 0.2017149 0.0152484 0.0934048 0.1743807 0.0934332 0.0261656 0.2034068 0.1814662 0.1119069 0.0760987 0.0000000 0.0952463 0.0763135 0.1259852 0.1614731 0.1422279 0.0760883 0.1681360 0.1013761 0.1679587 0.1551920 0.0524032 0.0760883 0.1949524 0.2131252 0.0760987 0.2199498 0.0361617 0.2085782 0.0000010 0.1119069 0.1873315 0.1053767 0.0469219 0.3651389 0.1679427 0.2017149 0.0101331 0.1612590 0.0536323 0.0308397 0.0315336 
MT-2_1_100                       0.1410436 0.0532476 0.0691889 0.0101139 0.1537563 0.0208047 0.0989630 0.0642995 0.1236979 0.1135694 0.0103075 0.1601081 0.0422088 0.0759893 0.1246666 0.1057075 0.0931208 0.0260996 0.0952463 0.0000000 0.0477465 0.0469102 0.1049231 0.0872297 0.0260987 0.0938916 0.0152199 0.1472227 0.1349062 0.1583433 0.0260987 0.1611195 0.1918519 0.0260996 0.1844254 0.1386194 0.1297931 0.0953134 0.0931208 0.1727353 0.0532176 0.1516304 0.2582309 0.1228443 0.1236979 0.0831654 0.1291200 0.0476597 0.1321184 0.0646296 
MT-4_1_100                       0.0970438 0.0152575 0.1241615 0.0588687 0.1088193 0.0255713 0.0577760 0.0687341 0.1847838 0.0822902 0.0468179 0.1147348 0.0468317 0.0470439 0.1863045 0.1651231 0.0523267 0.0203895 0.0763135 0.0477465 0.0000000 0.0993875 0.0969979 0.0798012 0.0308738 0.1521907 0.0533167 0.1028176 0.0913119 0.1246863 0.0308738 0.1332955 0.1589236 0.0203895 0.1521188 0.1060454 0.1914483 0.0763654 0.0523267 0.1265548 0.0577486 0.1183584 0.2612451 0.1028085 0.1847838 0.0647268 0.1087957 0.0204047 0.0999174 0.0363046 
MT-2_1_250                       0.1733294 0.1053170 0.0204830 0.0361810 0.1866790 0.0703002 0.1294355 0.1171139 0.0703658 0.1451375 0.0588998 0.1862222 0.0932950 0.1054085 0.0708992 0.0535803 0.1233435 0.0759906 0.1259852 0.0469102 0.0993875 0.0000000 0.1611943 0.1419926 0.0759802 0.0425656 0.0633153 0.1797699 0.1669314 0.1919683 0.0759802 0.2222351 0.2568493 0.0759906 0.2484415 0.1712941 0.0760464 0.1260773 0.1233435 0.1992302 0.1052163 0.1849119 0.3131890 0.1804866 0.0703658 0.1133028 0.1873625 0.0875305 0.1644623 0.0935684 
MT-2_2_350                       0.1683649 0.1027800 0.1884852 0.1170213 0.1687843 0.0914228 0.1382316 0.0361854 0.2548000 0.1812938 0.1029386 0.1751161 0.0687386 0.1396851 0.2427560 0.2336961 0.1322159 0.0857539 0.1614731 0.1049231 0.0969979 0.1611943 0.0000000 0.0152355 0.0742466 0.2197709 0.1110254 0.1622349 0.1621716 0.2161337 0.0742466 0.0469618 0.0706649 0.0971652 0.0648215 0.2083236 0.2477932 0.1615948 0.1322159 0.1751161 0.0468552 0.2089125 0.3545978 0.0152169 0.2548000 0.1482745 0.0203899 0.1088187 0.2012125 0.1274645 
MT-2_2_300                       0.1495849 0.0854445 0.1684542 0.0990124 0.1499376 0.0743223 0.1200764 0.0204216 0.2328988 0.1615165 0.0855718 0.1561178 0.0522098 0.1212740 0.2209701 0.2122764 0.1141993 0.0687816 0.1422279 0.0872297 0.0798012 0.1419926 0.0152355 0.0000000 0.0576005 0.1986802 0.0931594 0.1435861 0.1435306 0.1953550 0.0576005 0.0634143 0.0880694 0.0799297 0.0820308 0.1878386 0.2260458 0.1423317 0.1141993 0.1561178 0.0308482 0.1883534 0.3449450 0.0308095 0.2328988 0.1294219 0.0361263 0.0913017 0.1809418 0.1093616 
MT-2_2_100                       0.1204876 0.0361551 0.0997922 0.0368513 0.1326671 0.0152356 0.0800283 0.0360315 0.1580781 0.0936451 0.0255822 0.1387686 0.0152034 0.0579162 0.1593591 0.1390378 0.0744132 0.0101232 0.0760883 0.0260987 0.0308738 0.0759802 0.0742466 0.0576005 0.0000000 0.1265211 0.0314707 0.1264328 0.1145835 0.1365295 0.0000010 0.1270628 0.1553259 0.0203892 0.1484923 0.1176654 0.1645313 0.0761399 0.0744132 0.1509280 0.0255582 0.1301210 0.2614033 0.0911697 0.1580781 0.0645434 0.0970425 0.0308218 0.1114567 0.0470147 
MT-2_1_350                       0.2081900 0.1586645 0.0255912 0.0821564 0.2223209 0.1203599 0.1749564 0.1713506 0.0256023 0.1887224 0.1077814 0.2217043 0.1453620 0.1454249 0.0257872 0.0101327 0.1782919 0.1265563 0.1681360 0.0938916 0.1521907 0.0425656 0.2197709 0.1986802 0.1265211 0.0000000 0.1118072 0.2149461 0.2014778 0.2390971 0.1265211 0.2588473 0.2650968 0.1265563 0.2722418 0.2167956 0.0308351 0.1682669 0.1782919 0.2353310 0.1584332 0.2314524 0.3895326 0.2294991 0.0256023 0.1544142 0.2369253 0.1391383 0.2093970 0.1392550 
MT-2_1_150                       0.1474673 0.0588667 0.0862247 0.0255866 0.1603117 0.0261323 0.1050057 0.0700077 0.1422885 0.1198825 0.0260661 0.1667238 0.0477192 0.0818388 0.1434136 0.1238947 0.0991111 0.0314720 0.1013761 0.0152199 0.0533167 0.0633153 0.1110254 0.0931594 0.0314707 0.1118072 0.0000000 0.1537015 0.1412749 0.1651177 0.0314707 0.1677864 0.1989568 0.0314720 0.1914235 0.1451805 0.1485212 0.1014482 0.0991111 0.1794616 0.0588312 0.1583281 0.2661562 0.1291082 0.1422885 0.0891653 0.1354525 0.0532175 0.1386064 0.0703741 
MT-4_1_450                       0.0050399 0.0853108 0.2009559 0.1599924 0.0050476 0.1324052 0.0413868 0.1442802 0.2354722 0.1621019 0.1444713 0.0101352 0.1324707 0.1459012 0.2374261 0.2285878 0.0467139 0.1264665 0.1679587 0.1472227 0.1028176 0.1797699 0.1622349 0.1435861 0.1264328 0.2149461 0.1537015 0.0000000 0.0101127 0.1698428 0.1264328 0.1889634 0.2166618 0.1264665 0.2091581 0.1755030 0.2286804 0.1680860 0.0467139 0.0204140 0.1322612 0.1630441 0.3623867 0.1562007 0.2354722 0.1546350 0.1626489 0.1147437 0.1686866 0.1335824 
MT-4_1_350                       0.0050380 0.0741007 0.1877190 0.1474809 0.0152425 0.1204708 0.0308127 0.1442240 0.2353769 0.1493724 0.1323796 0.0204063 0.1324191 0.1336482 0.2373293 0.2149461 0.0360674 0.1146101 0.1551920 0.1349062 0.0913119 0.1669314 0.1621716 0.1435306 0.1145835 0.2014778 0.1412749 0.0101127 0.0000000 0.1828244 0.1145835 0.1888892 0.2165758 0.1146101 0.2090755 0.1625455 0.2423000 0.1553084 0.0360674 0.0308246 0.1322099 0.1759068 0.3466548 0.1561400 0.2353769 0.1421051 0.1625857 0.1030390 0.1558513 0.1215133 
MT-4_2_570                       0.1763127 0.1308804 0.2063978 0.1716766 0.1767841 0.1427482 0.1439959 0.1684273 0.2607885 0.0309381 0.1553014 0.1763567 0.1428164 0.0820080 0.2630430 0.2535156 0.1376948 0.1365712 0.0524032 0.1583433 0.1246863 0.1919683 0.2161337 0.1953550 0.1365295 0.2390971 0.1651177 0.1698428 0.1828244 0.0000000 0.1365295 0.2451636 0.2571945 0.1365712 0.2600072 0.0256364 0.2536216 0.0469558 0.1376948 0.1894989 0.1556936 0.0050519 0.3973792 0.2230673 0.2607885 0.0635272 0.2158014 0.1122573 0.0309159 0.0878624 
MT-2_2_50                        0.1204876 0.0361551 0.0997922 0.0368513 0.1326671 0.0152356 0.0800283 0.0360315 0.1580781 0.0936451 0.0255822 0.1387686 0.0152034 0.0579162 0.1593591 0.1390378 0.0744132 0.0101232 0.0760883 0.0260987 0.0308738 0.0759802 0.0742466 0.0576005 0.0000010 0.1265211 0.0314707 0.1264328 0.1145835 0.1365295 0.0000000 0.1270628 0.1553259 0.0203892 0.1484923 0.1176654 0.1645313 0.0761399 0.0744132 0.1509280 0.0255582 0.1301210 0.2614033 0.0911697 0.1580781 0.0645434 0.0970425 0.0308218 0.1114567 0.0470147 
MT-2_2_500                       0.1953107 0.1393930 0.2301331 0.1742346 0.1958396 0.1457341 0.1641360 0.0861255 0.2660974 0.2089090 0.1580855 0.2024219 0.1211774 0.1717065 0.2683502 0.2589530 0.1703553 0.1396552 0.1949524 0.1611195 0.1332955 0.2222351 0.0469618 0.0634143 0.1270628 0.2588473 0.1677864 0.1889634 0.1888892 0.2451636 0.1270628 0.0000000 0.0363259 0.1396552 0.0204868 0.2369345 0.2732821 0.1951046 0.1703553 0.2024219 0.0975894 0.2376331 0.4252190 0.0309950 0.2803921 0.1810646 0.0257012 0.1520303 0.2295206 0.1589464 
MT-2_2_570                       0.2232431 0.1652650 0.2497857 0.2057677 0.2239012 0.1751557 0.1909664 0.1121380 0.2872273 0.2159545 0.1881622 0.2307542 0.1491386 0.1887199 0.2897261 0.2652073 0.1974168 0.1687499 0.2131252 0.1918519 0.1589236 0.2568493 0.0706649 0.0880694 0.1553259 0.2650968 0.1989568 0.2166618 0.2165758 0.2571945 0.1553259 0.0363259 0.0000000 0.1687499 0.0101449 0.2522414 0.2946893 0.2132981 0.1974168 0.2307542 0.1242242 0.2530060 0.4647879 0.0650456 0.3020660 0.1986369 0.0593297 0.1818205 0.2446212 0.1823441 
MT-4_1_50                        0.1205176 0.0361569 0.0998119 0.0368532 0.1327050 0.0050318 0.0800398 0.0575976 0.1581382 0.0936621 0.0255829 0.1388108 0.0360787 0.0469240 0.1594209 0.1390818 0.0744229 0.0101003 0.0760987 0.0260996 0.0203895 0.0759906 0.0971652 0.0799297 0.0203892 0.1265563 0.0314720 0.1264665 0.1146101 0.1365712 0.0203892 0.1396552 0.1687499 0.0000000 0.1617188 0.1176945 0.1645976 0.0761504 0.0744229 0.1509798 0.0467951 0.1301580 0.2458735 0.1029900 0.1581382 0.0645505 0.1089925 0.0203566 0.1114822 0.0362147 
MT-2_2_550                       0.2156579 0.1583804 0.2568355 0.1981452 0.2162779 0.1680473 0.1837629 0.1058080 0.2797187 0.2301454 0.1808978 0.2230374 0.1423731 0.1953004 0.2821422 0.2723550 0.1901346 0.1617188 0.2199498 0.1844254 0.1521188 0.2484415 0.0648215 0.0820308 0.1484923 0.2722418 0.1914235 0.2091581 0.2090755 0.2600072 0.1484923 0.0204868 0.0101449 0.1617188 0.0000000 0.2592165 0.2871234 0.2201283 0.1901346 0.2230374 0.1177586 0.2600072 0.4446213 0.0481598 0.2944468 0.2053537 0.0426020 0.1746240 0.2515464 0.1819725 
MT-4_2_500                       0.1690011 0.1120710 0.1852488 0.1515687 0.1824668 0.1237181 0.1247541 0.1612868 0.2521742 0.0204386 0.1359614 0.1820204 0.1360031 0.0646606 0.2543363 0.2308583 0.1186207 0.1176945 0.0361617 0.1386194 0.1060454 0.1712941 0.2083236 0.1878386 0.1176654 0.2167956 0.1451805 0.1755030 0.1625455 0.0256364 0.1176654 0.2369345 0.2522414 0.1176945 0.2592165 0.0000000 0.2593952 0.0308620 0.1186207 0.1951652 0.1487083 0.0204071 0.3887917 0.2151663 0.2521742 0.0469611 0.2080109 0.0939876 0.0050454 0.0703551 
MT-2_1_550                       0.2354722 0.1982068 0.0575286 0.1175075 0.2362055 0.1581382 0.2146836 0.1978384 0.0152656 0.2301084 0.1448714 0.2355216 0.1710978 0.1842574 0.0050896 0.0308468 0.2186310 0.1645976 0.2085782 0.1297931 0.1914483 0.0760464 0.2477932 0.2260458 0.1645313 0.0308351 0.1485212 0.2286804 0.2423000 0.2536216 0.1645313 0.2732821 0.2946893 0.1645976 0.2871234 0.2593952 0.0000000 0.2087464 0.2186310 0.2493159 0.1845832 0.2458427 0.4234647 0.2434878 0.0050535 0.1941191 0.2510440 0.1777209 0.2516143 0.1778748 
MT-4_2_350                       0.1616751 0.0821380 0.1390877 0.1074917 0.1749286 0.0818641 0.1180379 0.1173805 0.2018771 0.0101225 0.0934694 0.1745134 0.0934978 0.0261832 0.2035711 0.1816094 0.1119865 0.0761504 0.0000010 0.0953134 0.0763654 0.1260773 0.1615948 0.1423317 0.0761399 0.1682669 0.1014482 0.1680860 0.1553084 0.0469558 0.0761399 0.1951046 0.2132981 0.0761504 0.2201283 0.0308620 0.2087464 0.0000000 0.1119865 0.1874758 0.1054507 0.0415266 0.3560154 0.1680700 0.2018771 0.0101389 0.1613802 0.0536672 0.0255896 0.0315537 
MT-4_1_250                       0.0413711 0.0361098 0.1490431 0.1050152 0.0521681 0.0800090 0.0050413 0.1027042 0.2117861 0.1062370 0.0913535 0.0576167 0.0913808 0.0921358 0.2135470 0.1915905 0.0000010 0.0744229 0.1119069 0.0931208 0.0523267 0.1233435 0.1322159 0.1141993 0.0744132 0.1782919 0.0991111 0.0467139 0.0360674 0.1376948 0.0744132 0.1703553 0.1974168 0.0744229 0.1901346 0.1186207 0.2186310 0.1119865 0.0000000 0.0685715 0.0912479 0.1312124 0.3076359 0.1382853 0.2117861 0.0996267 0.1445916 0.0633845 0.1123462 0.0806388 
MT-4_1_570                       0.0256019 0.1083960 0.2210032 0.1859435 0.0152428 0.1570921 0.0630874 0.1568951 0.2562176 0.1814281 0.1695065 0.0101241 0.1571583 0.1645152 0.2583547 0.2492152 0.0685715 0.1509798 0.1873315 0.1727353 0.1265548 0.1992302 0.1751161 0.1561178 0.1509280 0.2353310 0.1794616 0.0204140 0.0308246 0.1894989 0.1509280 0.2024219 0.2307542 0.1509798 0.2230374 0.1951652 0.2493159 0.1874758 0.0685715 0.0000000 0.1568951 0.1825177 0.3960780 0.1689896 0.2562176 0.1736613 0.1755725 0.1389195 0.1881695 0.1519285 
MT-2_2_200                       0.1382248 0.0632382 0.1301712 0.0644188 0.1385423 0.0414415 0.0969755 0.0101106 0.1911511 0.1236871 0.0521877 0.1446779 0.0203870 0.0859820 0.1794372 0.1714205 0.0912479 0.0361409 0.1053767 0.0532176 0.0577486 0.1052163 0.0468552 0.0308482 0.0255582 0.1584332 0.0588312 0.1322612 0.1322099 0.1556936 0.0255582 0.0975894 0.1242242 0.0467951 0.1177586 0.1487083 0.1845832 0.1054507 0.0912479 0.1568951 0.0000000 0.1490925 0.2966159 0.0631769 0.1911511 0.0932867 0.0687972 0.0576414 0.1422023 0.0746390 
MT-4_2_550                       0.1694555 0.1244921 0.1991696 0.1648253 0.1698982 0.1362798 0.1374533 0.1617107 0.2529481 0.0309381 0.1487222 0.1694975 0.1363474 0.0761406 0.2551246 0.2457401 0.1312124 0.1301580 0.0469219 0.1516304 0.1183584 0.1849119 0.2089125 0.1883534 0.1301210 0.2314524 0.1583281 0.1630441 0.1759068 0.0050519 0.1301210 0.2376331 0.2530060 0.1301580 0.2600072 0.0204071 0.2458427 0.0415266 0.1312124 0.1825177 0.1490925 0.0000000 0.4069463 0.2157803 0.2529481 0.0579317 0.2085975 0.1060621 0.0256343 0.0819383 
K03455.1                         0.3545022 0.2702679 0.3484609 0.2735956 0.3718339 0.2387947 0.3152620 0.3117357 0.4318418 0.3634138 0.2530980 0.3800977 0.2833651 0.3156153 0.4080147 0.4064334 0.3076359 0.2458735 0.3651389 0.2582309 0.2612451 0.3131890 0.3545978 0.3449450 0.2614033 0.3895326 0.2661562 0.3623867 0.3466548 0.3973792 0.2614033 0.4252190 0.4647879 0.2458735 0.4446213 0.3887917 0.4234647 0.3560154 0.3076359 0.3960780 0.2966159 0.4069463 0.0000000 0.3788215 0.4149345 0.3470365 0.3880578 0.2746419 0.3793680 0.3000994 
MT-2_2_400                       0.1622981 0.1086353 0.2017953 0.1352328 0.1626955 0.1087765 0.1323187 0.0522760 0.2503965 0.1879258 0.1205344 0.1689896 0.0855545 0.1458878 0.2384926 0.2433888 0.1382853 0.1029900 0.1679427 0.1228443 0.1028085 0.1804866 0.0152169 0.0308095 0.0911697 0.2294991 0.1291082 0.1562007 0.1561400 0.2230673 0.0911697 0.0309950 0.0650456 0.1029900 0.0481598 0.2151663 0.2434878 0.1680700 0.1382853 0.1689896 0.0631769 0.2157803 0.3788215 0.0000000 0.2503965 0.1546205 0.0050472 0.1147334 0.2079907 0.1335702 
MT-2_1_500                       0.2285878 0.1914934 0.0521079 0.1115060 0.2430681 0.1517230 0.2079415 0.2044849 0.0101402 0.2230877 0.1385746 0.2423510 0.1775685 0.1776656 0.0102128 0.0256119 0.2117861 0.1581382 0.2017149 0.1236979 0.1847838 0.0703658 0.2548000 0.2328988 0.1580781 0.0256023 0.1422885 0.2354722 0.2353769 0.2607885 0.1580781 0.2803921 0.3020660 0.1581382 0.2944468 0.2521742 0.0050535 0.2018771 0.2117861 0.2562176 0.1911511 0.2529481 0.4149345 0.2503965 0.0000000 0.1873806 0.2580131 0.1711708 0.2444570 0.1713178 
MT-4_2_250                       0.1483476 0.0703886 0.1260102 0.0950939 0.1613060 0.0701621 0.1055614 0.1049962 0.1873806 0.0256646 0.0815536 0.1609423 0.0815783 0.0155466 0.1889373 0.1674984 0.0996267 0.0645505 0.0101331 0.0831654 0.0647268 0.1133028 0.1482745 0.1294219 0.0645434 0.1544142 0.0891653 0.1546350 0.1421051 0.0635272 0.0645434 0.1810646 0.1986369 0.0645505 0.2053537 0.0469611 0.1941191 0.0101389 0.0996267 0.1736613 0.0932867 0.0579317 0.3470365 0.1546205 0.1873806 0.0000000 0.1480855 0.0424676 0.0415306 0.0208160 
MT-2_2_450                       0.1687981 0.1146766 0.2089371 0.1416327 0.1692197 0.1148297 0.1385738 0.0578006 0.2580131 0.1810400 0.1266916 0.1755725 0.0913808 0.1395133 0.2460580 0.2509417 0.1445916 0.1089925 0.1612590 0.1291200 0.1087957 0.1873625 0.0203899 0.0361263 0.0970425 0.2369253 0.1354525 0.1626489 0.1625857 0.2158014 0.0970425 0.0257012 0.0593297 0.1089925 0.0426020 0.2080109 0.2510440 0.1613802 0.1445916 0.1755725 0.0687972 0.2085975 0.3880578 0.0050472 0.2580131 0.1480855 0.0000000 0.1208452 0.2009163 0.1273131 
MT-4_2_100                       0.1088706 0.0361842 0.1117946 0.0587571 0.1208755 0.0255293 0.0689262 0.0686015 0.1711708 0.0706627 0.0467344 0.1268988 0.0467482 0.0257198 0.1725670 0.1518464 0.0633845 0.0203566 0.0536323 0.0476597 0.0204047 0.0875305 0.1088187 0.0913017 0.0308218 0.1391383 0.0532175 0.1147437 0.1030390 0.1122573 0.0308218 0.1520303 0.1818205 0.0203566 0.1746240 0.0939876 0.1777209 0.0536672 0.0633845 0.1389195 0.0576414 0.1060621 0.2746419 0.1147334 0.1711708 0.0424676 0.1208452 0.0000000 0.0879853 0.0153134 
MT-4_2_450                       0.1622458 0.1058853 0.1782532 0.1449348 0.1755635 0.1174524 0.1184216 0.1546678 0.2444570 0.0152529 0.1295865 0.1751447 0.1296261 0.0589685 0.2465433 0.2233313 0.1123462 0.1114822 0.0308397 0.1321184 0.0999174 0.1644623 0.2012125 0.1809418 0.1114567 0.2093970 0.1386064 0.1686866 0.1558513 0.0309159 0.1114567 0.2295206 0.2446212 0.1114822 0.2515464 0.0050454 0.2516143 0.0255896 0.1123462 0.1881695 0.1422023 0.0256343 0.3793680 0.2079907 0.2444570 0.0415306 0.2009163 0.0879853 0.0000000 0.0646087 
MT-4_2_150                       0.1275262 0.0525796 0.1118843 0.0760773 0.1399528 0.0415274 0.0863480 0.0859161 0.1713178 0.0479165 0.0633823 0.1396631 0.0634012 0.0050431 0.1727167 0.1519753 0.0806388 0.0362147 0.0315336 0.0646296 0.0363046 0.0935684 0.1274645 0.1093616 0.0470147 0.1392550 0.0703741 0.1335824 0.1215133 0.0878624 0.0470147 0.1589464 0.1823441 0.0362147 0.1819725 0.0703551 0.1778748 0.0315537 0.0806388 0.1519285 0.0746390 0.0819383 0.3000994 0.1335702 0.1713178 0.0208160 0.1273131 0.0153134 0.0646087 0.0000000 
