53
MT-2_2_570                       0.0000000 0.0378584 0.0834252 0.1472428 0.0297651 0.1366517 0.1445396 0.1181171 0.1388861 0.1708956 0.1305642 0.1663243 0.1116324 0.1116764 0.1431302 0.1306749 0.1275662 0.1562855 0.1607869 0.1225077 0.1379684 0.1207652 0.1157159 0.1287015 0.1444301 0.0152205 0.1279745 0.1076073 0.1153512 0.1667126 0.1062119 0.0973509 0.0662333 0.1467851 0.0448699 0.1722335 0.1418988 0.1260230 0.1117126 0.1155508 0.1114793 0.1424811 0.0712363 0.1339248 0.2683726 0.1103586 0.1287356 0.1411162 0.1116324 0.0542842 0.1103586 0.1239242 0.1159835 
MT-2_2_450                       0.0378584 0.0000000 0.0516756 0.1180867 0.0174593 0.1043744 0.1143062 0.0843473 0.1050345 0.1458966 0.1036986 0.1388834 0.0782164 0.0806807 0.1167516 0.1011132 0.0932046 0.1279565 0.1389082 0.0933932 0.1056274 0.0868401 0.0820195 0.0968286 0.1154246 0.0230638 0.0985522 0.0744604 0.0817800 0.1391996 0.0731766 0.0647872 0.0331800 0.1138167 0.0130458 0.1444898 0.1194755 0.0942983 0.0807150 0.0843675 0.0781168 0.1097935 0.0401125 0.1018021 0.2346011 0.0770076 0.0968537 0.1085032 0.0782164 0.0241440 0.0770076 0.0947167 0.0859144 
MT-2_2_200                       0.0834252 0.0516756 0.0000000 0.0648792 0.0636245 0.0621694 0.0637600 0.0319832 0.0553029 0.0936819 0.0517601 0.0873046 0.0241051 0.0285890 0.0685310 0.0494035 0.0446038 0.0785572 0.0873167 0.0423814 0.0633467 0.0388014 0.0275025 0.0480936 0.0624595 0.0721893 0.0470619 0.0207388 0.0296905 0.0874951 0.0196134 0.0141069 0.0240428 0.0756223 0.0469187 0.0924011 0.0709599 0.0457651 0.0309162 0.0343047 0.0240778 0.0694991 0.0107984 0.0597799 0.1861288 0.0229926 0.0527498 0.0682928 0.0241051 0.0285437 0.0252223 0.0435627 0.0355024 
MT-4_1_500                       0.1472428 0.1180867 0.0648792 0.0000000 0.1276505 0.0660965 0.0747923 0.0564082 0.0733997 0.1002222 0.0108172 0.0987801 0.0481873 0.0412781 0.0075474 0.0140927 0.0696027 0.0873747 0.0937733 0.0274974 0.0648995 0.0635138 0.0517639 0.0495238 0.0021462 0.1400130 0.0163016 0.0469866 0.0539883 0.0964776 0.0482052 0.0563965 0.0868906 0.0733462 0.1127028 0.0989252 0.0097225 0.0495041 0.0448213 0.0459709 0.0481298 0.0685961 0.0768819 0.0613032 0.2091576 0.0470315 0.0542168 0.0686668 0.0481873 0.0969565 0.0470315 0.0196188 0.0331446 
MT-2_2_500                       0.0297651 0.0174593 0.0636245 0.1276505 0.0000000 0.1161930 0.1263938 0.0970292 0.1182512 0.1545302 0.1155791 0.1501176 0.0907697 0.0932883 0.1262893 0.1142308 0.1061006 0.1403725 0.1474283 0.1063222 0.1174686 0.0995784 0.0946743 0.1085036 0.1275585 0.0174289 0.1116110 0.0869159 0.0943900 0.1504625 0.0855919 0.0770316 0.0470463 0.1258792 0.0241794 0.1558405 0.1290684 0.1059210 0.0920798 0.0957982 0.0906510 0.1217569 0.0518332 0.1135662 0.2426038 0.0895373 0.1085320 0.1204402 0.0907697 0.0355067 0.0895373 0.1076849 0.0986831 
MT-4_2_450                       0.1366517 0.1043744 0.0621694 0.0660965 0.1161930 0.0000000 0.0806235 0.0537842 0.0707263 0.0999522 0.0576783 0.0960094 0.0456389 0.0422118 0.0673590 0.0600056 0.0644815 0.0883881 0.0960233 0.0481692 0.0010727 0.0584774 0.0491794 0.0151748 0.0636710 0.1256134 0.0576235 0.0444510 0.0513897 0.0987318 0.0479592 0.0561391 0.0764514 0.0119407 0.0965993 0.0986596 0.0697845 0.0173744 0.0364222 0.0307096 0.0455850 0.0064788 0.0716658 0.0043012 0.1987739 0.0444931 0.0108082 0.0053939 0.0456389 0.0862690 0.0444931 0.0540619 0.0458347 
MT-2_1_300                       0.1445396 0.1143062 0.0637600 0.0747923 0.1263938 0.0806235 0.0000000 0.0331675 0.0141107 0.0320357 0.0614139 0.0308598 0.0424318 0.0470682 0.0784665 0.0590099 0.0264013 0.0163267 0.0241342 0.0541548 0.0794015 0.0343514 0.0459714 0.0648963 0.0723236 0.1346821 0.0589852 0.0435450 0.0366414 0.0309237 0.0447538 0.0552848 0.0808556 0.0907576 0.1063259 0.0308975 0.0834497 0.0624902 0.0518575 0.0553649 0.0400864 0.0844502 0.0733419 0.0757259 0.2065561 0.0435864 0.0684931 0.0845407 0.0424318 0.0933275 0.0435864 0.0554045 0.0506391 
MT-2_1_100                       0.1181171 0.0843473 0.0319832 0.0564082 0.0970292 0.0537842 0.0331675 0.0000000 0.0229862 0.0589667 0.0435018 0.0576917 0.0097265 0.0162929 0.0599583 0.0411833 0.0129838 0.0447719 0.0530002 0.0297409 0.0526184 0.0107956 0.0130198 0.0376401 0.0540302 0.1061463 0.0388786 0.0108067 0.0042997 0.0578141 0.0140981 0.0240535 0.0527253 0.0670018 0.0768370 0.0577676 0.0647623 0.0353561 0.0185414 0.0218613 0.0075450 0.0609820 0.0433519 0.0491196 0.1680391 0.0108163 0.0422131 0.0597938 0.0097265 0.0621924 0.0108163 0.0354355 0.0230121 
MT-2_1_250                       0.1388861 0.1050345 0.0553029 0.0733997 0.1182512 0.0707263 0.0141107 0.0229862 0.0000000 0.0366583 0.0600821 0.0354646 0.0320550 0.0366074 0.0770572 0.0576900 0.0119426 0.0230336 0.0309355 0.0482037 0.0695245 0.0196839 0.0355155 0.0564300 0.0709427 0.1264080 0.0553142 0.0331582 0.0263811 0.0355385 0.0366068 0.0469789 0.0745353 0.0806593 0.0971990 0.0355086 0.0820167 0.0540633 0.0412849 0.0447327 0.0297623 0.0744718 0.0647464 0.0659128 0.1895797 0.0331890 0.0587974 0.0745495 0.0320550 0.0843956 0.0331890 0.0517627 0.0412589 
MT-2_1_450                       0.1708956 0.1458966 0.0936819 0.1002222 0.1545302 0.0999522 0.0320357 0.0589667 0.0366583 0.0000000 0.0887480 0.0119291 0.0687466 0.0711835 0.1015242 0.0862189 0.0471979 0.0174408 0.0097414 0.0786171 0.0986869 0.0578762 0.0724947 0.0910971 0.0976313 0.1605143 0.0861809 0.0698848 0.0626494 0.0141489 0.0736026 0.0846797 0.1142979 0.1105153 0.1374135 0.0032284 0.1067292 0.0885745 0.0774602 0.0811172 0.0662622 0.1039521 0.1037347 0.0973809 0.2395460 0.0699548 0.0923600 0.1040695 0.0687466 0.1248836 0.0699548 0.0824135 0.0749491 
MT-4_1_400                       0.1305642 0.1036986 0.0517601 0.0108172 0.1155791 0.0576783 0.0614139 0.0435018 0.0600821 0.0887480 0.0000000 0.0873528 0.0354581 0.0286821 0.0163047 0.0032225 0.0563984 0.0761610 0.0824290 0.0152291 0.0564978 0.0504588 0.0389412 0.0413332 0.0086354 0.1250202 0.0043004 0.0342927 0.0411483 0.0875434 0.0354708 0.0434931 0.0732833 0.0661201 0.0984584 0.0874775 0.0174065 0.0413171 0.0344222 0.0355549 0.0354170 0.0613354 0.0635207 0.0529538 0.1953383 0.0343247 0.0459623 0.0613966 0.0354581 0.0831184 0.0343247 0.0075469 0.0207606 
MT-2_1_550                       0.1663243 0.1388834 0.0873046 0.0987801 0.1501176 0.0960094 0.0308598 0.0576917 0.0354646 0.0119291 0.0873528 0.0000000 0.0674321 0.0698599 0.0975572 0.0848339 0.0459640 0.0185303 0.0196566 0.0772639 0.0972551 0.0566029 0.0711644 0.0896954 0.0962002 0.1560413 0.0847966 0.0685676 0.0613588 0.0021551 0.0722703 0.0784175 0.1076876 0.1064820 0.1305134 0.0108394 0.1027209 0.0871827 0.0761101 0.0797540 0.0649582 0.0999731 0.0972558 0.0959548 0.2342794 0.0686360 0.0909534 0.1000845 0.0674321 0.1181507 0.0686360 0.0810442 0.0736094 
MT-2_2_10                        0.1116324 0.0782164 0.0241051 0.0481873 0.0907697 0.0456389 0.0424318 0.0097265 0.0320550 0.0687466 0.0354581 0.0674321 0.0000000 0.0064517 0.0540613 0.0331719 0.0218495 0.0542740 0.0626605 0.0196232 0.0444876 0.0162935 0.0032222 0.0296956 0.0458433 0.0997898 0.0308982 0.0032214 0.0075437 0.0675768 0.0064653 0.0162935 0.0445761 0.0586577 0.0707852 0.0675234 0.0564272 0.0274420 0.0086365 0.0141175 0.0021454 0.0527245 0.0353382 0.0410343 0.1577222 0.0010708 0.0342119 0.0515529 0.0000010 0.0539155 0.0010708 0.0275024 0.0130147 
MT-4_2_100                       0.1116764 0.0806807 0.0285890 0.0412781 0.0932883 0.0422118 0.0470682 0.0162929 0.0366074 0.0711835 0.0286821 0.0698599 0.0064517 0.0000000 0.0470914 0.0264201 0.0285500 0.0590126 0.0650710 0.0130247 0.0410656 0.0229284 0.0097153 0.0263415 0.0389598 0.1023489 0.0241699 0.0075428 0.0140804 0.0700100 0.0108132 0.0207122 0.0492098 0.0551577 0.0732162 0.0699550 0.0494331 0.0240990 0.0075534 0.0130253 0.0086247 0.0492559 0.0398969 0.0376291 0.1661178 0.0053725 0.0308371 0.0480900 0.0064517 0.0586190 0.0053725 0.0208097 0.0064792 
MT-4_1_550                       0.1431302 0.1167516 0.0685310 0.0075474 0.1262893 0.0673590 0.0784665 0.0599583 0.0770572 0.1015242 0.0163047 0.0975572 0.0540613 0.0470914 0.0000000 0.0196082 0.0732303 0.0911309 0.0975715 0.0331595 0.0685527 0.0671025 0.0576809 0.0554318 0.0097189 0.1386204 0.0218418 0.0528443 0.0575210 0.0977721 0.0540816 0.0599849 0.0881529 0.0746296 0.1113811 0.1002241 0.0043032 0.0554094 0.0506788 0.0518379 0.0539959 0.0698675 0.0806052 0.0673225 0.2169332 0.0528954 0.0601691 0.0699398 0.0540613 0.0982414 0.0528954 0.0251903 0.0388599 
MT-4_2_350                       0.1306749 0.1011132 0.0494035 0.0140927 0.1142308 0.0600056 0.0590099 0.0411833 0.0576900 0.0862189 0.0032225 0.0848339 0.0331719 0.0264201 0.0196082 0.0000000 0.0540264 0.0736895 0.0799284 0.0130266 0.0588220 0.0481134 0.0366381 0.0436157 0.0118992 0.1236775 0.0021458 0.0320127 0.0388418 0.0850186 0.0331837 0.0411752 0.0708384 0.0684752 0.0958992 0.0849541 0.0218293 0.0435985 0.0344047 0.0355367 0.0331335 0.0636772 0.0611200 0.0552678 0.1965342 0.0320424 0.0482576 0.0637420 0.0331719 0.0806322 0.0320424 0.0053796 0.0185368 
MT-2_1_200                       0.1275662 0.0932046 0.0446038 0.0696027 0.1061006 0.0644815 0.0264013 0.0129838 0.0119426 0.0471979 0.0563984 0.0459640 0.0218495 0.0285500 0.0732303 0.0540264 0.0000000 0.0355780 0.0436831 0.0423218 0.0632953 0.0097289 0.0252277 0.0503713 0.0671673 0.1153795 0.0516700 0.0229406 0.0162970 0.0460608 0.0263116 0.0364754 0.0634274 0.0779759 0.0855630 0.0483772 0.0781464 0.0480365 0.0308737 0.0342572 0.0196115 0.0718350 0.0538641 0.0597316 0.1784629 0.0229615 0.0527077 0.0706257 0.0218495 0.0730728 0.0229615 0.0481481 0.0354530 
MT-2_1_350                       0.1562855 0.1279565 0.0785572 0.0873747 0.1403725 0.0883881 0.0163267 0.0447719 0.0230336 0.0174408 0.0761610 0.0185303 0.0542740 0.0590126 0.0911309 0.0736895 0.0355780 0.0000000 0.0119276 0.0662744 0.0871470 0.0436835 0.0579097 0.0772694 0.0848453 0.1461833 0.0736575 0.0553997 0.0483418 0.0185683 0.0590126 0.0698189 0.0986407 0.0987092 0.1223550 0.0163335 0.0962352 0.0748069 0.0639379 0.0675192 0.0518646 0.0922901 0.0883772 0.0834115 0.2230008 0.0554537 0.0785030 0.0923903 0.0542740 0.1089477 0.0554537 0.0699758 0.0626807 
MT-2_1_400                       0.1607869 0.1389082 0.0873167 0.0937733 0.1474283 0.0960233 0.0241342 0.0530002 0.0309355 0.0097414 0.0824290 0.0196566 0.0626605 0.0650710 0.0975715 0.0799284 0.0436831 0.0119276 0.0000000 0.0724197 0.0947669 0.0519106 0.0663611 0.0847648 0.0912126 0.1533258 0.0798934 0.0637932 0.0566346 0.0196970 0.0674669 0.0784279 0.1026231 0.1064983 0.1305358 0.0108293 0.1027363 0.0822698 0.0712690 0.0748907 0.0602084 0.0999878 0.0947676 0.0909823 0.2343416 0.0638564 0.0860143 0.1000994 0.0626605 0.1155869 0.0638564 0.0761687 0.0687890 
MT-4_2_200                       0.1225077 0.0933932 0.0423814 0.0274974 0.1063222 0.0481692 0.0541548 0.0297409 0.0482037 0.0786171 0.0152291 0.0772639 0.0196232 0.0130247 0.0331595 0.0130266 0.0423218 0.0662744 0.0724197 0.0000000 0.0470081 0.0365395 0.0229853 0.0320927 0.0252423 0.1156261 0.0108343 0.0207583 0.0274575 0.0774310 0.0241220 0.0342704 0.0635467 0.0600560 0.0882575 0.0773712 0.0354402 0.0320804 0.0207881 0.0241777 0.0218620 0.0540869 0.0539630 0.0435250 0.1796905 0.0185196 0.0366462 0.0541406 0.0196232 0.0732134 0.0185196 0.0075612 0.0053767 
MT-4_2_400                       0.1379684 0.1056274 0.0633467 0.0648995 0.1174686 0.0010727 0.0794015 0.0526184 0.0695245 0.0986869 0.0564978 0.0972551 0.0444876 0.0410656 0.0685527 0.0588220 0.0632953 0.0871470 0.0947669 0.0470081 0.0000000 0.0573035 0.0480203 0.0140791 0.0624790 0.1269077 0.0564442 0.0433027 0.0502294 0.0999842 0.0468036 0.0573040 0.0776499 0.0130356 0.0978369 0.0973970 0.0709824 0.0162738 0.0352884 0.0295877 0.0444351 0.0075640 0.0728573 0.0032232 0.1973029 0.0433436 0.0097193 0.0064774 0.0444876 0.0874850 0.0433436 0.0528893 0.0446779 
MT-2_1_150                       0.1207652 0.0868401 0.0388014 0.0635138 0.0995784 0.0584774 0.0343514 0.0107956 0.0196839 0.0578762 0.0504588 0.0566029 0.0162935 0.0229284 0.0671025 0.0481134 0.0097289 0.0436835 0.0519106 0.0365395 0.0573035 0.0000000 0.0196310 0.0445132 0.0611064 0.1087378 0.0457828 0.0173797 0.0129848 0.0567232 0.0207116 0.0307712 0.0574213 0.0718076 0.0792953 0.0566773 0.0719620 0.0422038 0.0252151 0.0285667 0.0140834 0.0657389 0.0479710 0.0537789 0.1709398 0.0173954 0.0468252 0.0645427 0.0162935 0.0669605 0.0173954 0.0423002 0.0297407 
NL43_ann_wk0virusPassRef_plasmid 0.1157159 0.0820195 0.0275025 0.0517639 0.0946743 0.0491794 0.0459714 0.0130198 0.0355155 0.0724947 0.0389412 0.0711644 0.0032222 0.0097153 0.0576809 0.0366381 0.0252277 0.0579097 0.0663611 0.0229853 0.0480203 0.0196310 0.0000000 0.0331286 0.0494020 0.1037704 0.0343482 0.0064680 0.0108190 0.0713177 0.0097361 0.0196310 0.0481168 0.0623023 0.0745269 0.0712617 0.0600640 0.0308590 0.0119219 0.0174443 0.0053844 0.0563227 0.0388083 0.0445427 5.8200404 0.0042998 0.0376752 0.0551429 0.0032222 0.0575238 0.0042998 0.0309277 0.0163328 
MT-4_1_250                       0.1287015 0.0968286 0.0480936 0.0495238 0.1085036 0.0151748 0.0648963 0.0376401 0.0564300 0.0910971 0.0413332 0.0896954 0.0296956 0.0263415 0.0554318 0.0436157 0.0503713 0.0772694 0.0847648 0.0320927 0.0140791 0.0445132 0.0331286 0.0000000 0.0471661 0.1178061 0.0412947 0.0285486 0.0353220 0.0898910 0.0319573 0.0422205 0.0668716 0.0274492 0.0891498 0.0898239 0.0578115 0.0021464 0.0207218 0.0151734 0.0296616 0.0218418 0.0597502 0.0108003 0.1812202 0.0285749 0.0042996 0.0207302 0.0296956 0.0765489 0.0285749 0.0378274 0.0298189 
MT-4_1_450                       0.1444301 0.1154246 0.0624595 0.0021462 0.1275585 0.0636710 0.0723236 0.0540302 0.0709427 0.0976313 0.0086354 0.0962002 0.0458433 0.0389598 0.0097189 0.0118992 0.0671673 0.0848453 0.0912126 0.0252423 0.0624790 0.0611064 0.0494020 0.0471661 0.0000000 0.1372407 0.0140977 0.0446494 0.0516230 0.0939017 0.0458602 0.0540190 0.0843778 0.0708915 0.1100677 0.0963405 0.0119015 0.0471474 0.0424847 0.0436302 0.0457889 0.0661578 0.0744163 0.0588988 0.2060129 0.0446918 0.0518403 0.0662256 0.0458433 0.0943994 0.0446918 0.0174003 0.0308670 
MT-2_2_550                       0.0152205 0.0230638 0.0721893 0.1400130 0.0174289 0.1256134 0.1346821 0.1061463 0.1264080 0.1605143 0.1250202 0.1560413 0.0997898 0.1023489 0.1386204 0.1236775 0.1153795 0.1461833 0.1533258 0.1156261 0.1269077 0.1087378 0.1037704 0.1178061 0.1372407 0.0000000 0.1210132 0.0958629 0.1034528 0.1564022 0.0945084 0.0858186 0.0553476 0.1355016 0.0321335 0.1618356 0.1373966 0.1151798 0.1011262 0.1048990 0.0996566 0.1312972 0.0602266 0.1229413 0.2526323 0.0985396 0.1178370 0.1299587 0.0997898 0.0436324 0.0985396 0.1170185 0.1078657 
MT-4_2_300                       0.1279745 0.0985522 0.0470619 0.0163016 0.1116110 0.0576235 0.0589852 0.0388786 0.0553142 0.0861809 0.0043004 0.0847966 0.0308982 0.0241699 0.0218418 0.0021458 0.0516700 0.0736575 0.0798934 0.0108343 0.0564442 0.0457828 0.0343482 0.0412947 0.0140977 0.1210132 0.0000000 0.0297452 0.0365486 0.0849812 0.0309091 0.0388710 0.0684117 0.0673303 0.0933627 0.0849167 0.0240730 0.0412786 0.0321199 0.0332482 0.0308627 0.0612757 0.0587356 0.0529038 0.1952818 0.0297727 0.0459193 0.0613380 0.0308982 0.0781657 0.0297727 0.0032215 0.0163227 
MT-2_2_50                        0.1076073 0.0744604 0.0207388 0.0469866 0.0869159 0.0444510 0.0435450 0.0108067 0.0331582 0.0698848 0.0342927 0.0685676 0.0032214 0.0075428 0.0528443 0.0320127 0.0229406 0.0553997 0.0637932 0.0207583 0.0433027 0.0173797 0.0064680 0.0285486 0.0446494 0.0958629 0.0297452 0.0000000 0.0086209 0.0687146 0.0032206 0.0129860 0.0410722 0.0574311 0.0670883 0.0686605 0.0552037 0.0263009 0.0097367 0.0130104 0.0032179 0.0515150 0.0319022 0.0398586 0.1621889 0.0021461 0.0330534 0.0503467 0.0032214 0.0503468 0.0042988 0.0263587 0.0141295 
MT-2_1_50                        0.1153512 0.0817800 0.0296905 0.0539883 0.0943900 0.0513897 0.0366414 0.0042997 0.0263811 0.0626494 0.0411483 0.0613588 0.0075437 0.0140804 0.0575210 0.0388418 0.0162970 0.0483418 0.0566346 0.0274575 0.0502294 0.0129848 0.0108190 0.0353220 0.0516230 0.1034528 0.0365486 0.0086209 0.0000000 0.0614896 0.0118953 0.0195926 0.0503307 0.0645336 0.0743130 0.0614405 0.0622982 0.0330493 0.0163122 0.0196184 0.0053741 0.0585454 0.0410074 0.0467478 0.1649433 0.0086286 0.0398735 0.0573644 0.0075437 0.0597488 0.0086286 0.0331231 0.0207602 
MT-2_1_570                       0.1667126 0.1391996 0.0874951 0.0964776 0.1504625 0.0987318 0.0309237 0.0578141 0.0355385 0.0141489 0.0875434 0.0021551 0.0675768 0.0700100 0.0977721 0.0850186 0.0460608 0.0185683 0.0196970 0.0774310 0.0999842 0.0567232 0.0713177 0.0898910 0.0939017 0.1564022 0.0849812 0.0687146 0.0614896 0.0000000 0.0724258 0.0785871 0.1079261 0.1092736 0.1308082 0.0130543 0.1029480 0.0873726 0.0762747 0.0799268 0.0650971 0.1027229 0.0974692 0.0961650 0.2329082 0.0687833 0.0911519 0.1028386 0.0675768 0.1184146 0.0687833 0.0812202 0.0737683 
MT-2_2_100                       0.1062119 0.0731766 0.0196134 0.0482052 0.0855919 0.0479592 0.0447538 0.0140981 0.0366068 0.0736026 0.0354708 0.0722703 0.0064653 0.0108132 0.0540816 0.0331837 0.0263116 0.0590126 0.0674669 0.0241220 0.0468036 0.0207116 0.0097361 0.0319573 0.0458602 0.0945084 0.0309091 0.0032206 0.0118953 0.0724258 0.0000000 0.0118837 0.0398911 0.0610361 0.0658286 0.0723692 0.0564486 0.0296948 0.0130280 0.0163205 0.0064583 0.0550770 0.0307482 0.0433370 0.1666486 0.0053839 0.0364901 0.0539010 0.0064653 0.0491391 0.0075492 0.0275121 0.0174528 
MT-2_2_150                       0.0973509 0.0647872 0.0141069 0.0563965 0.0770316 0.0561391 0.0552848 0.0240535 0.0469789 0.0846797 0.0434931 0.0784175 0.0162935 0.0207122 0.0599849 0.0411752 0.0364754 0.0698189 0.0784279 0.0342704 0.0573040 0.0307712 0.0196310 0.0422205 0.0540190 0.0858186 0.0388710 0.0129860 0.0195926 0.0785871 0.0118837 0.0000000 0.0319506 0.0670317 0.0575440 0.0834228 0.0623740 0.0399191 0.0229861 0.0263276 0.0162754 0.0610088 0.0229307 0.0537794 0.1767522 0.0151964 0.0468255 0.0598203 0.0162935 0.0410835 0.0173954 0.0354287 0.0274940 
MT-2_2_300                       0.0662333 0.0331800 0.0240428 0.0868906 0.0470463 0.0764514 0.0808556 0.0527253 0.0745353 0.1142979 0.0732833 0.1076876 0.0445761 0.0492098 0.0881529 0.0708384 0.0634274 0.0986407 0.1026231 0.0635467 0.0776499 0.0574213 0.0481168 0.0668716 0.0843778 0.0553476 0.0684117 0.0410722 0.0503307 0.1079261 0.0398911 0.0319506 0.0000000 0.0853235 0.0263575 0.1129710 0.0906593 0.0644746 0.0492292 0.0527030 0.0445235 0.0815330 0.0152020 0.0740099 0.2103315 0.0434296 0.0692674 0.0803059 0.0445761 0.0151941 0.0457300 0.0647827 0.0564358 
MT-4_2_570                       0.1467851 0.1138167 0.0756223 0.0733462 0.1258792 0.0119407 0.0907576 0.0670018 0.0806593 0.1105153 0.0661201 0.1064820 0.0586577 0.0551577 0.0746296 0.0684752 0.0779759 0.0987092 0.1064983 0.0600560 0.0130356 0.0718076 0.0623023 0.0274492 0.0708915 0.1355016 0.0673303 0.0574311 0.0645336 0.1092736 0.0610361 0.0670317 0.0853235 0.0000000 0.1058792 0.1091959 0.0770834 0.0296987 0.0492049 0.0433342 0.0585862 0.0053892 0.0804600 0.0163354 0.2163437 0.0574870 0.0229901 0.0064725 0.0586577 0.0953219 0.0574870 0.0637012 0.0576695 
MT-2_2_400                       0.0448699 0.0130458 0.0469187 0.1127028 0.0241794 0.0965993 0.1063259 0.0768370 0.0971990 0.1374135 0.0984584 0.1305134 0.0707852 0.0732162 0.1113811 0.0958992 0.0855630 0.1223550 0.1305358 0.0882575 0.0978369 0.0792953 0.0745269 0.0891498 0.1100677 0.0321335 0.0933627 0.0670883 0.0743130 0.1308082 0.0658286 0.0575440 0.0263575 0.1058792 0.0000000 0.1360293 0.1140744 0.0866555 0.0732467 0.0768548 0.0706967 0.1019213 0.0354588 0.0940643 0.2302805 0.0695910 0.0891728 0.1006497 0.0707852 0.0174363 0.0695910 0.0895647 0.0808469 
MT-2_1_500                       0.1722335 0.1444898 0.0924011 0.0989252 0.1558405 0.0986596 0.0308975 0.0577676 0.0355086 0.0032284 0.0874775 0.0108394 0.0675234 0.0699550 0.1002241 0.0849541 0.0483772 0.0163335 0.0108293 0.0773712 0.0973970 0.0566773 0.0712617 0.0898239 0.0963405 0.1618356 0.0849167 0.0686605 0.0614405 0.0130543 0.0723692 0.0834228 0.1129710 0.1091959 0.1360293 0.0000000 0.1054170 0.0873068 0.0762155 0.0798654 0.0650445 0.1026488 0.1024346 0.0960942 0.2347656 0.0687291 0.0910842 0.1027642 0.0675234 0.1235327 0.0687291 0.0811579 0.0737107 
MT-4_1_570                       0.1418988 0.1194755 0.0709599 0.0097225 0.1290684 0.0697845 0.0834497 0.0647623 0.0820167 0.1067292 0.0174065 0.1027209 0.0564272 0.0494331 0.0043032 0.0218293 0.0781464 0.0962352 0.1027363 0.0354402 0.0709824 0.0719620 0.0600640 0.0578115 0.0119015 0.1373966 0.0240730 0.0552037 0.0622982 0.1029480 0.0564486 0.0623740 0.0906593 0.0770834 0.1140744 0.1054170 0.0000000 0.0577880 0.0530383 0.0542012 0.0563587 0.0723061 0.0806372 0.0697466 0.2138281 0.0552573 0.0625664 0.0723814 0.0564272 0.0982812 0.0552573 0.0274344 0.0411621 
MT-4_1_200                       0.1260230 0.0942983 0.0457651 0.0495041 0.1059210 0.0173744 0.0624902 0.0353561 0.0540633 0.0885745 0.0413171 0.0871827 0.0274420 0.0240990 0.0554094 0.0435985 0.0480365 0.0748069 0.0822698 0.0320804 0.0162738 0.0422038 0.0308590 0.0021464 0.0471474 0.1151798 0.0412786 0.0263009 0.0330493 0.0873726 0.0296948 0.0399191 0.0644746 0.0296987 0.0866555 0.0873068 0.0577880 0.0000000 0.0185046 0.0129808 0.0274107 0.0240692 0.0573803 0.0129833 0.1812841 0.0263250 0.0064607 0.0229534 0.0274420 0.0741131 0.0263250 0.0378127 0.0298076 
MT-4_1_100                       0.1117126 0.0807150 0.0309162 0.0448213 0.0920798 0.0364222 0.0518575 0.0185414 0.0412849 0.0774602 0.0344222 0.0761101 0.0086365 0.0075534 0.0506788 0.0344047 0.0308737 0.0639379 0.0712690 0.0207881 0.0352884 0.0252151 0.0119219 0.0207218 0.0424847 0.1011262 0.0321199 0.0097367 0.0163122 0.0762747 0.0130280 0.0229861 0.0492292 0.0492049 0.0732467 0.0762155 0.0530383 0.0185046 0.0000000 0.0053851 0.0108241 0.0433749 0.0422912 0.0318903 0.1652279 0.0075515 0.0251697 0.0422223 0.0086365 0.0586427 0.0075515 0.0287075 0.0141496 
MT-4_1_150                       0.1155508 0.0843675 0.0343047 0.0459709 0.0957982 0.0307096 0.0553649 0.0218613 0.0447327 0.0811172 0.0355549 0.0797540 0.0141175 0.0130253 0.0518379 0.0355367 0.0342572 0.0675192 0.0748907 0.0241777 0.0295877 0.0285667 0.0174443 0.0151734 0.0436302 0.1048990 0.0332482 0.0130104 0.0196184 0.0799268 0.0163205 0.0263276 0.0527030 0.0433342 0.0768548 0.0798654 0.0542012 0.0129808 0.0053851 0.0000000 0.0141018 0.0375738 0.0457314 0.0262269 0.1699348 0.0130221 0.0195755 0.0364341 0.0141175 0.0621655 0.0130221 0.0298302 0.0197105 
MT-2_1_10                        0.1114793 0.0781168 0.0240778 0.0481298 0.0906510 0.0455850 0.0400864 0.0075450 0.0297623 0.0662622 0.0354170 0.0649582 0.0021454 0.0086247 0.0539959 0.0331335 0.0196115 0.0518646 0.0602084 0.0218620 0.0444351 0.0140834 0.0053844 0.0296616 0.0457889 0.0996566 0.0308627 0.0032179 0.0053741 0.0650971 0.0064583 0.0162754 0.0445235 0.0585862 0.0706967 0.0650445 0.0563587 0.0274107 0.0108241 0.0141018 0.0000000 0.0526611 0.0352973 0.0409863 0.1607339 0.0032207 0.0341724 0.0514912 0.0021454 0.0538506 0.0032207 0.0274710 0.0152241 
MT-4_2_550                       0.1424811 0.1097935 0.0694991 0.0685961 0.1217569 0.0064788 0.0844502 0.0609820 0.0744718 0.1039521 0.0613354 0.0999731 0.0527245 0.0492559 0.0698675 0.0636772 0.0718350 0.0922901 0.0999878 0.0540869 0.0075640 0.0657389 0.0563227 0.0218418 0.0661578 0.1312972 0.0612757 0.0515150 0.0585454 0.1027229 0.0550770 0.0610088 0.0815330 0.0053892 0.1019213 0.1026488 0.0723061 0.0240692 0.0433749 0.0375738 0.0526611 0.0000000 0.0767007 0.0108327 0.2084334 0.0515645 0.0174228 0.0010731 0.0527245 0.0914581 0.0515645 0.0576871 0.0517262 
MT-2_2_250                       0.0712363 0.0401125 0.0107984 0.0768819 0.0518332 0.0716658 0.0733419 0.0433519 0.0647464 0.1037347 0.0635207 0.0972558 0.0353382 0.0398969 0.0806052 0.0611200 0.0538641 0.0883772 0.0947676 0.0539630 0.0728573 0.0479710 0.0388083 0.0597502 0.0744163 0.0602266 0.0587356 0.0319022 0.0410074 0.0974692 0.0307482 0.0229307 0.0152020 0.0804600 0.0354588 0.1024346 0.0806372 0.0573803 0.0422912 0.0457314 0.0352973 0.0767007 0.0000000 0.0692417 0.1977194 0.0342088 0.0621211 0.0754819 0.0353382 0.0174246 0.0364737 0.0551719 0.0469691 
MT-4_1_350                       0.1339248 0.1018021 0.0597799 0.0613032 0.1135662 0.0043012 0.0757259 0.0491196 0.0659128 0.0973809 0.0529538 0.0959548 0.0410343 0.0376291 0.0673225 0.0552678 0.0597316 0.0834115 0.0909823 0.0435250 0.0032232 0.0537789 0.0445427 0.0108003 0.0588988 0.1229413 0.0529038 0.0398586 0.0467478 0.0961650 0.0433370 0.0537794 0.0740099 0.0163354 0.0940643 0.0960942 0.0697466 0.0129833 0.0318903 0.0262269 0.0409863 0.0108327 0.0692417 0.0000000 0.1928275 0.0398960 0.0064617 0.0097404 0.0410343 0.0837872 0.0398960 0.0493703 0.0412087 
K03455.1                         0.2683726 0.2346011 0.1861288 0.2091576 0.2426038 0.1987739 0.2065561 0.1680391 0.1895797 0.2395460 0.1953383 0.2342794 0.1577222 0.1661178 0.2169332 0.1965342 0.1784629 0.2230008 0.2343416 0.1796905 0.1973029 0.1709398 5.8200404 0.1812202 0.2060129 0.2526323 0.1952818 0.1621889 0.1649433 0.2329082 0.1666486 0.1767522 0.2103315 0.2163437 0.2302805 0.2347656 0.2138281 0.1812841 0.1652279 0.1699348 0.1607339 0.2084334 0.1977194 0.1928275 0.0000000 0.1591153 0.1870051 0.2069093 0.1577222 0.2165675 0.1591153 0.1907170 0.1740469 
MT-4_1_50                        0.1103586 0.0770076 0.0229926 0.0470315 0.0895373 0.0444931 0.0435864 0.0108163 0.0331890 0.0699548 0.0343247 0.0686360 0.0010708 0.0053725 0.0528954 0.0320424 0.0229615 0.0554537 0.0638564 0.0185196 0.0433436 0.0173954 0.0042998 0.0285749 0.0446918 0.0985396 0.0297727 0.0021461 0.0086286 0.0687833 0.0053839 0.0151964 0.0434296 0.0574870 0.0695910 0.0687291 0.0552573 0.0263250 0.0075515 0.0130221 0.0032207 0.0515645 0.0342088 0.0398960 0.1591153 0.0000000 0.0330841 0.0503949 0.0010708 0.0527531 0.0021434 0.0263829 0.0119215 
MT-4_1_300                       0.1287356 0.0968537 0.0527498 0.0542168 0.1085320 0.0108082 0.0684931 0.0422131 0.0587974 0.0923600 0.0459623 0.0909534 0.0342119 0.0308371 0.0601691 0.0482576 0.0527077 0.0785030 0.0860143 0.0366462 0.0097193 0.0468252 0.0376752 0.0042996 0.0518403 0.1178370 0.0459193 0.0330534 0.0398735 0.0911519 0.0364901 0.0468255 0.0692674 0.0229901 0.0891728 0.0910842 0.0625664 0.0064607 0.0251697 0.0195755 0.0341724 0.0174228 0.0621211 0.0064617 0.1870051 0.0330841 0.0000000 0.0163177 0.0342119 0.0789817 0.0330841 0.0424253 0.0343553 
MT-4_2_500                       0.1411162 0.1085032 0.0682928 0.0686668 0.1204402 0.0053939 0.0845407 0.0597938 0.0745495 0.1040695 0.0613966 0.1000845 0.0515529 0.0480900 0.0699398 0.0637420 0.0706257 0.0923903 0.1000994 0.0541406 0.0064774 0.0645427 0.0551429 0.0207302 0.0662256 0.1299587 0.0613380 0.0503467 0.0573644 0.1028386 0.0539010 0.0598203 0.0803059 0.0064725 0.1006497 0.1027642 0.0723814 0.0229534 0.0422223 0.0364341 0.0514912 0.0010731 0.0754819 0.0097404 0.2069093 0.0503949 0.0163177 0.0000000 0.0515529 0.0902114 0.0503949 0.0577450 0.0517773 
MT-4_1_10                        0.1116324 0.0782164 0.0241051 0.0481873 0.0907697 0.0456389 0.0424318 0.0097265 0.0320550 0.0687466 0.0354581 0.0674321 0.0000010 0.0064517 0.0540613 0.0331719 0.0218495 0.0542740 0.0626605 0.0196232 0.0444876 0.0162935 0.0032222 0.0296956 0.0458433 0.0997898 0.0308982 0.0032214 0.0075437 0.0675768 0.0064653 0.0162935 0.0445761 0.0586577 0.0707852 0.0675234 0.0564272 0.0274420 0.0086365 0.0141175 0.0021454 0.0527245 0.0353382 0.0410343 0.1577222 0.0010708 0.0342119 0.0515529 0.0000000 0.0539155 0.0010708 0.0275024 0.0130147 
MT-2_2_350                       0.0542842 0.0241440 0.0285437 0.0969565 0.0355067 0.0862690 0.0933275 0.0621924 0.0843956 0.1248836 0.0831184 0.1181507 0.0539155 0.0586190 0.0982414 0.0806322 0.0730728 0.1089477 0.1155869 0.0732134 0.0874850 0.0669605 0.0575238 0.0765489 0.0943994 0.0436324 0.0781657 0.0503468 0.0597488 0.1184146 0.0491391 0.0410835 0.0151941 0.0953219 0.0174363 0.1235327 0.0982812 0.0741131 0.0586427 0.0621655 0.0538506 0.0914581 0.0174246 0.0837872 0.2165675 0.0527531 0.0789817 0.0902114 0.0539155 0.0000000 0.0550866 0.0744755 0.0659940 
MT-4_2_50                        0.1103586 0.0770076 0.0252223 0.0470315 0.0895373 0.0444931 0.0435864 0.0108163 0.0331890 0.0699548 0.0343247 0.0686360 0.0010708 0.0053725 0.0528954 0.0320424 0.0229615 0.0554537 0.0638564 0.0185196 0.0433436 0.0173954 0.0042998 0.0285749 0.0446918 0.0985396 0.0297727 0.0042988 0.0086286 0.0687833 0.0075492 0.0173954 0.0457300 0.0574870 0.0695910 0.0687291 0.0552573 0.0263250 0.0075515 0.0130221 0.0032207 0.0515645 0.0364737 0.0398960 0.1591153 0.0021434 0.0330841 0.0503949 0.0010708 0.0550866 0.0000000 0.0263829 0.0119215 
MT-4_2_250                       0.1239242 0.0947167 0.0435627 0.0196188 0.1076849 0.0540619 0.0554045 0.0354355 0.0517627 0.0824135 0.0075469 0.0810442 0.0275024 0.0208097 0.0251903 0.0053796 0.0481481 0.0699758 0.0761687 0.0075612 0.0528893 0.0423002 0.0309277 0.0378274 0.0174003 0.1170185 0.0032215 0.0263587 0.0331231 0.0812202 0.0275121 0.0354287 0.0647827 0.0637012 0.0895647 0.0811579 0.0274344 0.0378127 0.0287075 0.0298302 0.0274710 0.0576871 0.0551719 0.0493703 0.1907170 0.0263829 0.0424253 0.0577450 0.0275024 0.0744755 0.0263829 0.0000000 0.0130188 
MT-4_2_150                       0.1159835 0.0859144 0.0355024 0.0331446 0.0986831 0.0458347 0.0506391 0.0230121 0.0412589 0.0749491 0.0207606 0.0736094 0.0130147 0.0064792 0.0388599 0.0185368 0.0354530 0.0626807 0.0687890 0.0053767 0.0446779 0.0297407 0.0163328 0.0298189 0.0308670 0.1078657 0.0163227 0.0141295 0.0207602 0.0737683 0.0174528 0.0274940 0.0564358 0.0576695 0.0808469 0.0737107 0.0411621 0.0298076 0.0141496 0.0197105 0.0152241 0.0517262 0.0469691 0.0412087 0.1740469 0.0119215 0.0343553 0.0517773 0.0130147 0.0659940 0.0119215 0.0130188 0.0000000 
