50
MT-4_1_400                       0.0000000 0.0789111 0.1919216 0.1520110 0.0100414 0.1250552 0.0049955 0.1486562 0.2255889 0.0960550 0.1368921 0.0151223 0.1369320 0.1381618 0.2410389 0.2188644 0.0409980 0.0357579 0.1596718 0.1395205 0.1192304 0.1713130 0.1664706 0.1479635 0.1192050 0.2055375 0.1458476 0.0049973 0.1674024 0.1741405 0.1192050 0.2203645 0.1929710 0.1192304 0.2129569 0.1603286 0.2323532 0.1597915 0.1669696 0.0253769 0.1367228 0.0409980 0.3483973 0.1604863 0.2255889 0.1466775 0.1668848 0.1077279 0.1539061 0.1261100 
MT-4_1_150                       0.0789111 0.0000000 0.1288830 0.0638595 0.0902124 0.0410789 0.0733861 0.0735753 0.1891795 0.0151251 0.0517268 0.0959013 0.0517417 0.0629727 0.1907339 0.1696854 0.0357847 0.0410447 0.0812643 0.0527653 0.0358262 0.1042289 0.1017223 0.0845966 0.0358251 0.1568519 0.0583240 0.0844743 0.1231184 0.1294112 0.0358251 0.1632826 0.1378363 0.0358262 0.1565326 0.1047689 0.1957852 0.0813200 0.1108690 0.1072845 0.0626292 0.0357847 0.2661162 0.1075065 0.1891795 0.0697113 0.1134667 0.0358530 0.0872267 0.0520715 
MT-2_1_300                       0.1919216 0.1288830 0.0000000 0.0574808 0.2055056 0.0929471 0.1854291 0.1409157 0.0516318 0.1228039 0.0812043 0.2049981 0.1165003 0.1165360 0.0520101 0.0357704 0.1473426 0.1473426 0.1374654 0.0685022 0.0987791 0.0203019 0.1861520 0.1664566 0.0987628 0.0253679 0.0853405 0.1984555 0.1966932 0.2037851 0.0987628 0.2463254 0.2270645 0.0987791 0.2532672 0.1761395 0.0569982 0.1375668 0.1830122 0.2181798 0.1287451 0.1473426 0.3423461 0.1992469 0.0516318 0.1246829 0.2062532 0.1106107 0.1567365 0.1107004 
MT-2_1_200                       0.1520110 0.0638595 0.0574808 0.0000000 0.1647590 0.0312036 0.1458616 0.0749592 0.1103576 0.0583266 0.0206161 0.1711240 0.0527392 0.0867579 0.1112136 0.0928547 0.1039471 0.1098119 0.1063292 0.0100268 0.0365320 0.0358510 0.1157989 0.0980208 0.0365308 0.0813563 0.0253601 0.1582003 0.1629244 0.1696607 0.0365308 0.2031885 0.1721844 0.0365320 0.1957388 0.1433415 0.1162840 0.1064052 0.1498720 0.1837560 0.0638231 0.1039471 0.2694820 0.1337752 0.1103576 0.0941679 0.1400816 0.0582215 0.1247422 0.0753411 
MT-4_1_500                       0.0100414 0.0902124 0.2055056 0.1647590 0.0000000 0.1371614 0.0151117 0.1489896 0.2397763 0.1076790 0.1491814 0.0050029 0.1372312 0.1506141 0.2417673 0.2329417 0.0516834 0.0463657 0.1726936 0.1520439 0.1312468 0.1844384 0.1668636 0.1482945 0.1312144 0.2193962 0.1584957 0.0050047 0.1678159 0.1745798 0.1312144 0.2209781 0.1934651 0.1312468 0.2135351 0.1734216 0.2330352 0.1728251 0.1802021 0.0151120 0.1370208 0.0516834 0.3652041 0.1608593 0.2397763 0.1594318 0.1672803 0.1195704 0.1668764 0.1383527 
NL43_ann_wk0virusPassRef_plasmid 0.1250552 0.0410789 0.0929471 0.0312036 0.1371614 0.0000000 0.1191846 0.0516800 0.1500335 0.0253451 0.0202118 0.1432269 0.0305349 0.0518196 0.1512428 0.1313695 0.0792112 0.0848025 0.0810036 0.0206300 0.0049893 0.0696279 0.0904893 0.0735910 0.0151030 0.1190975 0.0259097 0.1309654 0.1347641 0.1411337 0.0151030 0.1730515 0.1440748 0.0049893 0.1660875 0.1162040 0.1563568 0.0810589 0.1223806 0.1553044 0.0410618 0.0792112 0.2354242 0.1076354 0.1500335 0.0694950 0.1136064 0.0253054 0.0984892 0.0411444 
MT-4_1_350                       0.0049955 0.0733861 0.1854291 0.1458616 0.0151117 0.1191846 0.0000000 0.1426435 0.2322604 0.0903892 0.1309455 0.0202283 0.1309837 0.1321410 0.2341774 0.2121804 0.0357445 0.0305399 0.1534033 0.1334642 0.1133973 0.1650088 0.1603630 0.1419881 0.1133749 0.1989356 0.1397389 0.0100263 0.1737549 0.1805493 0.1133749 0.2138076 0.1866442 0.1133973 0.2064791 0.1540277 0.2390627 0.1535178 0.1606110 0.0305508 0.1307860 0.0357445 0.3407376 0.1544118 0.2322604 0.1405207 0.1607588 0.1019676 0.1476557 0.1201767 
MT-2_2_250                       0.1486562 0.0735753 0.1409157 0.0749592 0.1489896 0.0516800 0.1426435 0.0000000 0.2019917 0.0680670 0.0624668 0.1551278 0.0305206 0.0964163 0.1904155 0.1823279 0.1016524 0.1073894 0.1160625 0.0637089 0.0463622 0.1158894 0.0358551 0.0202419 0.0357083 0.1693696 0.0693533 0.1426984 0.1598323 0.1664377 0.0357083 0.1109540 0.0852497 0.0570541 0.1047225 0.1529141 0.1954507 0.1161445 0.1594271 0.1551278 0.0100239 0.1016524 0.3067918 0.0517852 0.2019917 0.1039277 0.0572498 0.0679423 0.1344072 0.0850463 
MT-2_1_450                       0.2255889 0.1891795 0.0516318 0.1103576 0.2397763 0.1500335 0.2322604 0.2019917 0.0000000 0.1825768 0.1370936 0.2391171 0.1755078 0.1755951 0.0203908 0.0151294 0.2091426 0.2053086 0.1992846 0.1223878 0.1563568 0.0697146 0.2513436 0.2298774 0.1563046 0.0253780 0.1407222 0.2323532 0.2495513 0.2572216 0.1563046 0.2829745 0.2623222 0.1563568 0.2756472 0.2412619 0.0151350 0.1994449 0.2488171 0.2527366 0.1888689 0.2091426 0.4234147 0.2469667 0.0100535 0.1852085 0.2544188 0.1691964 0.2202862 0.1693434 
MT-4_1_100                       0.0960550 0.0151251 0.1228039 0.0583266 0.1076790 0.0253451 0.0903892 0.0680670 0.1825768 0.0000000 0.0463833 0.1135219 0.0463967 0.0465993 0.1840728 0.1632165 0.0518341 0.0572264 0.0755625 0.0473191 0.0202110 0.0983726 0.0960096 0.0790170 0.0305951 0.1504740 0.0528311 0.1017602 0.1170675 0.1233029 0.0305951 0.1570368 0.1318218 0.0202110 0.1503620 0.0988763 0.1891373 0.0756140 0.1049213 0.1251926 0.0571990 0.0518341 0.2573846 0.1017509 0.1825768 0.0641113 0.1076593 0.0202260 0.0814660 0.0359698 
MT-2_1_50                        0.1368921 0.0517268 0.0812043 0.0206161 0.1491814 0.0202118 0.1309455 0.0624668 0.1370936 0.0463833 0.0000000 0.1553298 0.0305483 0.0737905 0.1381883 0.1187543 0.0904288 0.0960976 0.0924689 0.0102245 0.0253559 0.0583571 0.1018723 0.0847172 0.0253556 0.1066972 0.0258473 0.1428779 0.1470408 0.1535170 0.0253556 0.1858653 0.1562599 0.0253559 0.1787546 0.1281844 0.1433049 0.0925328 0.1344656 0.1675509 0.0517019 0.0904288 0.2494320 0.1192508 0.1370936 0.0807636 0.1253217 0.0463041 0.1102231 0.0627673 
MT-4_1_550                       0.0151223 0.0959013 0.2049981 0.1711240 0.0050029 0.1432269 0.0202283 0.1551278 0.2391171 0.1135219 0.1553298 0.0000000 0.1432977 0.1503100 0.2410939 0.2323148 0.0570785 0.0517218 0.1723114 0.1583078 0.1372723 0.1840170 0.1731067 0.1543930 0.1372361 0.2188285 0.1648171 0.0100489 0.1674473 0.1741866 0.1372361 0.2277153 0.1999472 0.1372723 0.2201855 0.1730352 0.2324076 0.1724422 0.1797906 0.0100387 0.1430756 0.0570785 0.3732593 0.1670659 0.2391171 0.1590959 0.1735429 0.1255165 0.1665123 0.1380843 
MT-2_2_150                       0.1369320 0.0517417 0.1165003 0.0527392 0.1372312 0.0305349 0.1309837 0.0305206 0.1755078 0.0463967 0.0305483 0.1432977 0.0000000 0.0738119 0.1640464 0.1563674 0.0904550 0.0961255 0.0924963 0.0418402 0.0253632 0.0923655 0.0680710 0.0517218 0.0150728 0.1437679 0.0472946 0.1310341 0.1348352 0.1412057 0.0150728 0.1474478 0.1198674 0.0357526 0.1408064 0.1282225 0.1691328 0.0925603 0.1345057 0.1553752 0.0202091 0.0904550 0.2790257 0.0847007 0.1755078 0.0807874 0.0904550 0.0463179 0.1102558 0.0627854 
MT-4_2_200                       0.1381618 0.0629727 0.1165360 0.0867579 0.1506141 0.0518196 0.1321410 0.0964163 0.1755951 0.0465993 0.0737905 0.1503100 0.0738119 0.0000000 0.1770249 0.1564351 0.0911674 0.0968951 0.0259438 0.0752540 0.0464849 0.1043188 0.1380950 0.1199465 0.0573564 0.1438243 0.0810330 0.1442242 0.0754052 0.0812024 0.0573564 0.1863764 0.1696286 0.0464849 0.1928644 0.0584242 0.1820865 0.0259604 0.0640536 0.1625752 0.0851050 0.0911674 0.3104600 0.1442105 0.1755951 0.0154187 0.1379348 0.0254876 0.0420337 0.0050004 
MT-2_1_570                       0.2410389 0.1907339 0.0520101 0.1112136 0.2417673 0.1512428 0.2341774 0.1904155 0.0203908 0.1840728 0.1381883 0.2410939 0.1640464 0.1770249 0.0000000 0.0255706 0.2108729 0.2069856 0.2009486 0.1233426 0.1576203 0.0702424 0.2395163 0.2181513 0.1575667 0.0255610 0.1418316 0.2342716 0.2516850 0.2594312 0.1575667 0.2854171 0.2645288 0.1576203 0.2780183 0.2433090 0.0050465 0.2011115 0.2509378 0.2548328 0.1773333 0.2108729 0.4003751 0.2352732 0.0101253 0.1867406 0.2426806 0.1705712 0.2221430 0.1707205 
MT-2_1_400                       0.2188644 0.1696854 0.0357704 0.0928547 0.2329417 0.1313695 0.2121804 0.1823279 0.0151294 0.1632165 0.1187543 0.2323148 0.1563674 0.1564351 0.0255706 0.0000000 0.1892750 0.1857394 0.1793561 0.1046237 0.1375687 0.0531014 0.2306196 0.2096058 0.1375309 0.0100460 0.1225737 0.2255889 0.2424752 0.2500844 0.1375309 0.2613958 0.2553128 0.1375687 0.2684305 0.2205046 0.0305745 0.1794971 0.2278819 0.2458601 0.1694378 0.1892750 0.3987115 0.2400857 0.0253874 0.1656251 0.2474786 0.1501541 0.1999144 0.1502818 
MT-4_1_200                       0.0409980 0.0357847 0.1473426 0.1039471 0.0516834 0.0792112 0.0357445 0.1016524 0.2091426 0.0518341 0.0904288 0.0570785 0.0904550 0.0911674 0.2108729 0.1892750 0.0000000 0.0049987 0.1107148 0.0921994 0.0736873 0.1220270 0.1307927 0.1130155 0.0736796 0.1761833 0.0981134 0.0462886 0.1297289 0.1361110 0.0736796 0.1949387 0.1683671 0.0736873 0.1878148 0.1111328 0.2158731 0.1107935 0.1173172 0.0679192 0.0903303 0.0000010 0.3026642 0.1367828 0.2091426 0.0986010 0.1429964 0.0627696 0.1051097 0.0798125 
MT-4_1_300                       0.0357579 0.0410447 0.1473426 0.1098119 0.0463657 0.0848025 0.0305399 0.1073894 0.2053086 0.0572264 0.0960976 0.0517218 0.0961255 0.0968951 0.2069856 0.1857394 0.0049987 0.0000000 0.1166832 0.0979732 0.0792413 0.1280397 0.1367302 0.1188204 0.0792321 0.1728494 0.1039374 0.0410134 0.1358823 0.1423216 0.0792321 0.1885900 0.1622366 0.0792413 0.1815401 0.1171285 0.2119393 0.1167658 0.1233682 0.0624926 0.0959912 0.0049987 0.3101167 0.1308932 0.2053086 0.1044627 0.1370579 0.0682512 0.1110568 0.0854548 
MT-4_2_300                       0.1596718 0.0812643 0.1374654 0.1063292 0.1726936 0.0810036 0.1534033 0.1160625 0.1992846 0.0755625 0.0924689 0.1723114 0.0924963 0.0259438 0.2009486 0.1793561 0.1107148 0.1166832 0.0000000 0.0943128 0.0753581 0.1246573 0.1595928 0.1406399 0.0753499 0.1662283 0.1003635 0.1659823 0.0464866 0.0519099 0.0753499 0.2103889 0.1925277 0.0753581 0.2171134 0.0305649 0.2060366 0.0000010 0.0358343 0.1850646 0.1042904 0.1107148 0.3585636 0.1659661 0.1992846 0.0100456 0.1593933 0.0531323 0.0151169 0.0312620 
MT-2_1_100                       0.1395205 0.0527653 0.0685022 0.0100268 0.1520439 0.0206300 0.1334642 0.0637089 0.1223878 0.0473191 0.0102245 0.1583078 0.0418402 0.0752540 0.1233426 0.1046237 0.0921994 0.0979732 0.0943128 0.0000000 0.0258786 0.0464718 0.1038565 0.0863797 0.0258783 0.0929504 0.0150884 0.1456167 0.1499323 0.1565375 0.0258783 0.1895151 0.1592734 0.0258786 0.1822493 0.1307085 0.1284027 0.0943793 0.1371129 0.1707552 0.0527392 0.0921994 0.2544619 0.1215551 0.1223878 0.0823805 0.1277423 0.0472372 0.1124075 0.0640216 
MT-4_2_50                        0.1192304 0.0358262 0.0987791 0.0365320 0.1312468 0.0049893 0.1133973 0.0463622 0.1563568 0.0202110 0.0253559 0.1372723 0.0253632 0.0464849 0.1576203 0.1375687 0.0736873 0.0792413 0.0753581 0.0258786 0.0000000 0.0752557 0.0848859 0.0681107 0.0100355 0.1252124 0.0312008 0.1251033 0.1287258 0.1350427 0.0100355 0.1667432 0.1380790 0.0100137 0.1598515 0.1103094 0.1627220 0.0754093 0.1164351 0.1492762 0.0358125 0.0736873 0.2423670 0.1019192 0.1563568 0.0639435 0.1078418 0.0201800 0.0927142 0.0358840 
MT-2_1_250                       0.1713130 0.1042289 0.0203019 0.0358510 0.1844384 0.0696279 0.1650088 0.1158894 0.0697146 0.0983726 0.0583571 0.1840170 0.0923655 0.1043188 0.0702424 0.0531014 0.1220270 0.1280397 0.1246573 0.0464718 0.0752557 0.0000000 0.1593302 0.1404180 0.0752474 0.0421943 0.0627035 0.1776579 0.1826929 0.1896233 0.0752474 0.2532563 0.2193420 0.0752557 0.2450778 0.1625802 0.0753344 0.1247483 0.1692974 0.1968260 0.1041387 0.1220270 0.3081004 0.1783349 0.0697146 0.1121518 0.1850910 0.0866648 0.1435427 0.0926275 
MT-2_2_350                       0.1664706 0.1017223 0.1861520 0.1157989 0.1668636 0.0904893 0.1603630 0.0358551 0.2513436 0.0960096 0.1018723 0.1731067 0.0680710 0.1380950 0.2395163 0.2306196 0.1307927 0.1367302 0.1595928 0.1038565 0.0848859 0.1593302 0.0000000 0.0151035 0.0735195 0.2169379 0.1098773 0.1604247 0.2062271 0.2133082 0.0735195 0.0699959 0.0465251 0.0961648 0.0642251 0.1986891 0.2444639 0.1597125 0.2056668 0.1731067 0.0464196 0.1307927 0.3484336 0.0150863 0.2513436 0.1466055 0.0202123 0.1076766 0.1791010 0.1260491 
MT-2_2_300                       0.1479635 0.0845966 0.1664566 0.0980208 0.1482945 0.0735910 0.1419881 0.0202419 0.2298774 0.0790170 0.0847172 0.1543930 0.0517218 0.1199465 0.2181513 0.2096058 0.1130155 0.1188204 0.1406399 0.0863797 0.0681107 0.1404180 0.0151035 0.0000000 0.0570566 0.1962341 0.0922359 0.1420424 0.1860330 0.1929074 0.0570566 0.0871966 0.0628024 0.0791361 0.0812408 0.1787665 0.2231418 0.1407432 0.1855423 0.1543930 0.0305720 0.1130155 0.3391137 0.0305356 0.2298774 0.1280244 0.0357998 0.0903783 0.1596449 0.1081937 
MT-2_2_100                       0.1192050 0.0358251 0.0987628 0.0365308 0.1312144 0.0151030 0.1133749 0.0357083 0.1563046 0.0305951 0.0253556 0.1372361 0.0150728 0.0573564 0.1575667 0.1375309 0.0736796 0.0792321 0.0753499 0.0258783 0.0100355 0.0752474 0.0735195 0.0570566 0.0000000 0.1251825 0.0312001 0.1250746 0.1286942 0.1350060 0.0000010 0.1535490 0.1256776 0.0202101 0.1468423 0.1102879 0.1626644 0.0754011 0.1164106 0.1492315 0.0253330 0.0736796 0.2575198 0.0902533 0.1563046 0.0639381 0.0960521 0.0305462 0.0927003 0.0465706 
MT-2_1_350                       0.2055375 0.1568519 0.0253679 0.0813563 0.2193962 0.1190975 0.1989356 0.1693696 0.0253780 0.1504740 0.1066972 0.2188285 0.1437679 0.1438243 0.0255610 0.0100460 0.1761833 0.1728494 0.1662283 0.0929504 0.1252124 0.0421943 0.2169379 0.1962341 0.1251825 0.0000000 0.1106409 0.2121804 0.2284442 0.2359306 0.1251825 0.2612885 0.2552101 0.1252124 0.2683207 0.2068054 0.0305631 0.1663574 0.2140613 0.2322221 0.1566427 0.1761833 0.3822723 0.2264431 0.0253780 0.1527300 0.2337164 0.1376239 0.1864845 0.1377396 
MT-2_1_150                       0.1458476 0.0583240 0.0853405 0.0253601 0.1584957 0.0259097 0.1397389 0.0693533 0.1407222 0.0528311 0.0258473 0.1648171 0.0472946 0.0810330 0.1418316 0.1225737 0.0981134 0.1039374 0.1003635 0.0150884 0.0312008 0.0627035 0.1098773 0.0922359 0.0312001 0.1106409 0.0000000 0.1519964 0.1565220 0.1631998 0.0312001 0.1964895 0.1658310 0.0312008 0.1891231 0.1370996 0.1468693 0.1004348 0.1435732 0.1773695 0.0582929 0.0981134 0.2621974 0.1277302 0.1407222 0.0883074 0.1339826 0.0527377 0.1186327 0.0697004 
MT-4_1_450                       0.0049973 0.0844743 0.1984555 0.1582003 0.0050047 0.1309654 0.0100263 0.1426984 0.2323532 0.1017602 0.1428779 0.0100489 0.1310341 0.1442242 0.2342716 0.2255889 0.0462886 0.0410134 0.1659823 0.1456167 0.1251033 0.1776579 0.1604247 0.1420424 0.1250746 0.2121804 0.1519964 0.0000000 0.1610881 0.1677702 0.1250746 0.2138914 0.1867167 0.1251033 0.2065597 0.1666724 0.2256791 0.1661076 0.1733713 0.0202358 0.1308363 0.0462886 0.3560898 0.1544711 0.2323532 0.1528760 0.1608208 0.1135281 0.1601993 0.1320847 
MT-4_2_550                       0.1674024 0.1231184 0.1966932 0.1629244 0.1678159 0.1347641 0.1737549 0.1598323 0.2495513 0.1170675 0.1470408 0.1674473 0.1348352 0.0754052 0.2516850 0.2424752 0.1297289 0.1358823 0.0464866 0.1499323 0.1287258 0.1826929 0.2062271 0.1860330 0.1286942 0.2284442 0.1565220 0.1610881 0.0000000 0.0050090 0.1286942 0.2494052 0.2344078 0.1287258 0.2562982 0.0254073 0.2425750 0.0411471 0.0202292 0.1802647 0.1473939 0.1297289 0.3992394 0.2129783 0.2495513 0.0573777 0.2059345 0.1049422 0.0306604 0.0811383 
MT-4_2_570                       0.1741405 0.1294112 0.2037851 0.1696607 0.1745798 0.1411337 0.1805493 0.1664377 0.2572216 0.1233029 0.1535170 0.1741866 0.1412057 0.0812024 0.2594312 0.2500844 0.1361110 0.1423216 0.0519099 0.1565375 0.1350427 0.1896233 0.2133082 0.1929074 0.1350060 0.2359306 0.1631998 0.1677702 0.0050090 0.0000000 0.1350060 0.2535652 0.2417801 0.1350427 0.2562982 0.0306384 0.2501875 0.0465200 0.0254095 0.1871195 0.1538899 0.1361110 0.3899897 0.2201217 0.2572216 0.0629106 0.2129997 0.1110516 0.0306604 0.0869899 
MT-2_2_50                        0.1192050 0.0358251 0.0987628 0.0365308 0.1312144 0.0151030 0.1133749 0.0357083 0.1563046 0.0305951 0.0253556 0.1372361 0.0150728 0.0573564 0.1575667 0.1375309 0.0736796 0.0792321 0.0753499 0.0258783 0.0100355 0.0752474 0.0735195 0.0570566 0.0000010 0.1251825 0.0312001 0.1250746 0.1286942 0.1350060 0.0000000 0.1535490 0.1256776 0.0202101 0.1468423 0.1102879 0.1626644 0.0754011 0.1164106 0.1492315 0.0253330 0.0736796 0.2575198 0.0902533 0.1563046 0.0639381 0.0960521 0.0305462 0.0927003 0.0465706 
MT-2_2_570                       0.2203645 0.1632826 0.2463254 0.2031885 0.2209781 0.1730515 0.2138076 0.1109540 0.2829745 0.1570368 0.1858653 0.2277153 0.1474478 0.1863764 0.2854171 0.2613958 0.1949387 0.1885900 0.2103889 0.1895151 0.1667432 0.2532563 0.0699959 0.0871966 0.1535490 0.2612885 0.1964895 0.2138914 0.2494052 0.2535652 0.1535490 0.0000000 0.0359922 0.1667432 0.0100585 0.2412271 0.2902824 0.2105585 0.2486820 0.2277153 0.1228837 0.1949387 0.4550178 0.0644364 0.2975069 0.1961782 0.0587844 0.1796116 0.2131338 0.1801019 
MT-2_2_500                       0.1929710 0.1378363 0.2270645 0.1721844 0.1934651 0.1440748 0.1866442 0.0852497 0.2623222 0.1318218 0.1562599 0.1999472 0.1198674 0.1696286 0.2645288 0.2553128 0.1683671 0.1622366 0.1925277 0.1592734 0.1380790 0.2193420 0.0465251 0.0628024 0.1256776 0.2552101 0.1658310 0.1867167 0.2344078 0.2417801 0.1256776 0.0359922 0.0000000 0.1380790 0.0203056 0.2264807 0.2693696 0.1926774 0.2337448 0.1999472 0.0965786 0.1683671 0.4169954 0.0307148 0.2763435 0.1788870 0.0254724 0.1502819 0.2062395 0.1570697 
MT-4_1_50                        0.1192304 0.0358262 0.0987791 0.0365320 0.1312468 0.0049893 0.1133973 0.0570541 0.1563568 0.0202110 0.0253559 0.1372723 0.0357526 0.0464849 0.1576203 0.1375687 0.0736873 0.0792413 0.0753581 0.0258786 0.0100137 0.0752557 0.0961648 0.0791361 0.0202101 0.1252124 0.0312008 0.1251033 0.1287258 0.1350427 0.0202101 0.1667432 0.1380790 0.0000000 0.1598515 0.1103094 0.1627220 0.0754093 0.1164351 0.1492762 0.0463622 0.0736873 0.2423670 0.1019192 0.1563568 0.0639435 0.1078418 0.0201800 0.0927142 0.0358840 
MT-2_2_550                       0.2129569 0.1565326 0.2532672 0.1957388 0.2135351 0.1660875 0.2064791 0.1047225 0.2756472 0.1503620 0.1787546 0.2201855 0.1408064 0.1928644 0.2780183 0.2684305 0.1878148 0.1815401 0.2171134 0.1822493 0.1598515 0.2450778 0.0642251 0.0812408 0.1468423 0.2683207 0.1891231 0.2065597 0.2562982 0.2562982 0.1468423 0.0100585 0.0203056 0.1598515 0.0000000 0.2480474 0.2829030 0.2172892 0.2555494 0.2201855 0.1165233 0.1878148 0.4356720 0.0477319 0.2900786 0.2027994 0.0422311 0.1725648 0.2270564 0.1797634 
MT-4_2_450                       0.1603286 0.1047689 0.1761395 0.1433415 0.1734216 0.1162040 0.1540277 0.1529141 0.2412619 0.0988763 0.1281844 0.1730352 0.1282225 0.0584242 0.2433090 0.2205046 0.1111328 0.1171285 0.0305649 0.1307085 0.1103094 0.1625802 0.1986891 0.1787665 0.1102879 0.2068054 0.1370996 0.1666724 0.0254073 0.0306384 0.1102879 0.2412271 0.2264807 0.1103094 0.2480474 0.0000000 0.2482908 0.0253651 0.0050026 0.1858579 0.1406207 0.1111328 0.3725090 0.2053557 0.2412619 0.0411489 0.1984137 0.0870976 0.0151212 0.0640058 
MT-2_1_550                       0.2323532 0.1957852 0.0569982 0.1162840 0.2330352 0.1563568 0.2390627 0.1954507 0.0151350 0.1891373 0.1433049 0.2324076 0.1691328 0.1820865 0.0050465 0.0305745 0.2158731 0.2119393 0.2060366 0.1284027 0.1627220 0.0753344 0.2444639 0.2231418 0.1626644 0.0305631 0.1468693 0.2256791 0.2425750 0.2501875 0.1626644 0.2902824 0.2693696 0.1627220 0.2829030 0.2482908 0.0000000 0.2062031 0.2559059 0.2459582 0.1824014 0.2158731 0.4152699 0.2401820 0.0050108 0.1918423 0.2475780 0.1756483 0.2271866 0.1758016 
MT-4_2_350                       0.1597915 0.0813200 0.1375668 0.1064052 0.1728251 0.0810589 0.1535178 0.1161445 0.1994449 0.0756140 0.0925328 0.1724422 0.0925603 0.0259604 0.2011115 0.1794971 0.1107935 0.1167658 0.0000010 0.0943793 0.0754093 0.1247483 0.1597125 0.1407432 0.0754011 0.1663574 0.1004348 0.1661076 0.0411471 0.0465200 0.0754011 0.2105585 0.1926774 0.0754093 0.2172892 0.0253651 0.2062031 0.0000000 0.0305868 0.1852067 0.1043626 0.1107935 0.3497676 0.1660913 0.1994449 0.0100523 0.1595126 0.0531677 0.0100365 0.0312822 
MT-4_2_500                       0.1669696 0.1108690 0.1830122 0.1498720 0.1802021 0.1223806 0.1606110 0.1594271 0.2488171 0.1049213 0.1344656 0.1797906 0.1345057 0.0640536 0.2509378 0.2278819 0.1173172 0.1233682 0.0358343 0.1371129 0.1164351 0.1692974 0.2056668 0.1855423 0.1164106 0.2140613 0.1435732 0.1733713 0.0202292 0.0254095 0.1164106 0.2486820 0.2337448 0.1164351 0.2555494 0.0050026 0.2559059 0.0305868 0.0000000 0.1927268 0.1470265 0.1173172 0.3816307 0.2123945 0.2488171 0.0465230 0.2053762 0.0930231 0.0202594 0.0696874 
MT-4_1_570                       0.0253769 0.1072845 0.2181798 0.1837560 0.0151120 0.1553044 0.0305508 0.1551278 0.2527366 0.1251926 0.1675509 0.0100387 0.1553752 0.1625752 0.2548328 0.2458601 0.0679192 0.0624926 0.1850646 0.1707552 0.1492762 0.1968260 0.1731067 0.1543930 0.1492315 0.2322221 0.1773695 0.0202358 0.1802647 0.1871195 0.1492315 0.2277153 0.1999472 0.1492762 0.2201855 0.1858579 0.2459582 0.1852067 0.1927268 0.0000000 0.1551278 0.0679192 0.3888333 0.1670659 0.2527366 0.1716290 0.1735429 0.1373785 0.1792372 0.1501805 
MT-2_2_200                       0.1367228 0.0626292 0.1287451 0.0638231 0.1370208 0.0410618 0.1307860 0.0100239 0.1888689 0.0571990 0.0517019 0.1430756 0.0202091 0.0851050 0.1773333 0.1694378 0.0903303 0.0959912 0.1042904 0.0527392 0.0358125 0.1041387 0.0464196 0.0305720 0.0253330 0.1566427 0.0582929 0.1308363 0.1473939 0.1538899 0.0253330 0.1228837 0.0965786 0.0463622 0.1165233 0.1406207 0.1824014 0.1043626 0.1470265 0.1551278 0.0000000 0.0903303 0.2920045 0.0625720 0.1888689 0.0923569 0.0681286 0.0570970 0.1223622 0.0738963 
MT-4_1_250                       0.0409980 0.0357847 0.1473426 0.1039471 0.0516834 0.0792112 0.0357445 0.1016524 0.2091426 0.0518341 0.0904288 0.0570785 0.0904550 0.0911674 0.2108729 0.1892750 0.0000010 0.0049987 0.1107148 0.0921994 0.0736873 0.1220270 0.1307927 0.1130155 0.0736796 0.1761833 0.0981134 0.0462886 0.1297289 0.1361110 0.0736796 0.1949387 0.1683671 0.0736873 0.1878148 0.1111328 0.2158731 0.1107935 0.1173172 0.0679192 0.0903303 0.0000000 0.3026642 0.1367828 0.2091426 0.0986010 0.1429964 0.0627696 0.1051097 0.0798125 
K03455.1                         0.3483973 0.2661162 0.3423461 0.2694820 0.3652041 0.2354242 0.3407376 0.3067918 0.4234147 0.2573846 0.2494320 0.3732593 0.2790257 0.3104600 0.4003751 0.3987115 0.3026642 0.3101167 0.3585636 0.2544619 0.2423670 0.3081004 0.3484336 0.3391137 0.2575198 0.3822723 0.2621974 0.3560898 0.3992394 0.3899897 0.2575198 0.4550178 0.4169954 0.2423670 0.4356720 0.3725090 0.4152699 0.3497676 0.3816307 0.3888333 0.2920045 0.3026642 0.0000000 0.3720520 0.4069768 0.3410133 0.3809993 0.2705658 0.3569652 0.2953260 
MT-2_2_400                       0.1604863 0.1075065 0.1992469 0.1337752 0.1608593 0.1076354 0.1544118 0.0517852 0.2469667 0.1017509 0.1192508 0.1670659 0.0847007 0.1442105 0.2352732 0.2400857 0.1367828 0.1308932 0.1659661 0.1215551 0.1019192 0.1783349 0.0150863 0.0305356 0.0902533 0.2264431 0.1277302 0.1544711 0.2129783 0.2201217 0.0902533 0.0644364 0.0307148 0.1019192 0.0477319 0.2053557 0.2401820 0.1660913 0.2123945 0.1670659 0.0625720 0.1367828 0.3720520 0.0000000 0.2469667 0.1528612 0.0050044 0.1135175 0.1856297 0.1320722 
MT-2_1_500                       0.2255889 0.1891795 0.0516318 0.1103576 0.2397763 0.1500335 0.2322604 0.2019917 0.0100535 0.1825768 0.1370936 0.2391171 0.1755078 0.1755951 0.0101253 0.0253874 0.2091426 0.2053086 0.1992846 0.1223878 0.1563568 0.0697146 0.2513436 0.2298774 0.1563046 0.0253780 0.1407222 0.2323532 0.2495513 0.2572216 0.1563046 0.2975069 0.2763435 0.1563568 0.2900786 0.2412619 0.0050108 0.1994449 0.2488171 0.2527366 0.1888689 0.2091426 0.4069768 0.2469667 0.0000000 0.1852085 0.2544188 0.1691964 0.2202862 0.1693434 
MT-4_2_250                       0.1466775 0.0697113 0.1246829 0.0941679 0.1594318 0.0694950 0.1405207 0.1039277 0.1852085 0.0641113 0.0807636 0.1590959 0.0807874 0.0154187 0.1867406 0.1656251 0.0986010 0.1044627 0.0100456 0.0823805 0.0639435 0.1121518 0.1466055 0.1280244 0.0639381 0.1527300 0.0883074 0.1528760 0.0573777 0.0629106 0.0639381 0.1961782 0.1788870 0.0639435 0.2027994 0.0411489 0.1918423 0.0100523 0.0465230 0.1716290 0.0923569 0.0986010 0.3410133 0.1528612 0.1852085 0.0000000 0.1464292 0.0420845 0.0254366 0.0206429 
MT-2_2_450                       0.1668848 0.1134667 0.2062532 0.1400816 0.1672803 0.1136064 0.1607588 0.0572498 0.2544188 0.1076593 0.1253217 0.1735429 0.0904550 0.1379348 0.2426806 0.2474786 0.1429964 0.1370579 0.1593933 0.1277423 0.1078418 0.1850910 0.0202123 0.0357998 0.0960521 0.2337164 0.1339826 0.1608208 0.2059345 0.2129997 0.0960521 0.0587844 0.0254724 0.1078418 0.0422311 0.1984137 0.2475780 0.1595126 0.2053762 0.1735429 0.0681286 0.1429964 0.3809993 0.0050044 0.2544188 0.1464292 0.0000000 0.1195447 0.1788655 0.1259079 
MT-4_2_100                       0.1077279 0.0358530 0.1106107 0.0582215 0.1195704 0.0253054 0.1019676 0.0679423 0.1691964 0.0202260 0.0463041 0.1255165 0.0463179 0.0254876 0.1705712 0.1501541 0.0627696 0.0682512 0.0531323 0.0472372 0.0201800 0.0866648 0.1076766 0.0903783 0.0305462 0.1376239 0.0527377 0.1135281 0.1049422 0.1110516 0.0305462 0.1796116 0.1502819 0.0201800 0.1725648 0.0870976 0.1756483 0.0531677 0.0930231 0.1373785 0.0570970 0.0627696 0.2705658 0.1135175 0.1691964 0.0420845 0.1195447 0.0000000 0.0699775 0.0151786 
MT-4_2_400                       0.1539061 0.0872267 0.1567365 0.1247422 0.1668764 0.0984892 0.1476557 0.1344072 0.2202862 0.0814660 0.1102231 0.1665123 0.1102558 0.0420337 0.2221430 0.1999144 0.1051097 0.1110568 0.0151169 0.1124075 0.0927142 0.1435427 0.1791010 0.1596449 0.0927003 0.1864845 0.1186327 0.1601993 0.0306604 0.0306604 0.0927003 0.2131338 0.2062395 0.0927142 0.2270564 0.0151212 0.2271866 0.0100365 0.0202594 0.1792372 0.1223622 0.1051097 0.3569652 0.1856297 0.2202862 0.0254366 0.1788655 0.0699775 0.0000000 0.0474869 
MT-4_2_150                       0.1261100 0.0520715 0.1107004 0.0753411 0.1383527 0.0411444 0.1201767 0.0850463 0.1693434 0.0359698 0.0627673 0.1380843 0.0627854 0.0050004 0.1707205 0.1502818 0.0798125 0.0854548 0.0312620 0.0640216 0.0358840 0.0926275 0.1260491 0.1081937 0.0465706 0.1377396 0.0697004 0.1320847 0.0811383 0.0869899 0.0465706 0.1801019 0.1570697 0.0358840 0.1797634 0.0640058 0.1758016 0.0312822 0.0696874 0.1501805 0.0738963 0.0798125 0.2953260 0.1320722 0.1693434 0.0206429 0.1259079 0.0151786 0.0474869 0.0000000 
