50
MT-4_1_400                       0.0000000 0.0788754 0.1918521 0.1519521 0.0100365 0.1250012 0.0357410 0.1485933 0.2255121 0.1538478 0.1368343 0.0151150 0.1368742 0.1381039 0.2409593 0.2187890 0.0409787 0.1191787 0.1596114 0.1394654 0.0960123 0.1712481 0.1664020 0.1479011 0.1191536 0.2054649 0.1457907 0.0049949 0.0049931 0.1740782 0.1191536 0.1928964 0.2202834 0.1191787 0.2128769 0.1669084 0.2322750 0.1597311 0.0409787 0.0253648 0.1366647 0.1673414 0.3483159 0.1604198 0.2255121 0.1466205 0.1668166 0.1076806 0.1602688 0.1260560 
MT-4_1_150                       0.0788754 0.0000000 0.1288320 0.0638323 0.0901720 0.0410594 0.0410254 0.0735418 0.1891153 0.0871907 0.0517026 0.0958585 0.0517175 0.0629437 0.1906695 0.1696263 0.0357678 0.0358091 0.0812304 0.0527426 0.0151178 0.1041861 0.1016773 0.0845586 0.0358082 0.1567965 0.0582989 0.0844363 0.0733527 0.1293610 0.0358082 0.1377790 0.1632172 0.0358091 0.1564689 0.1108247 0.1957194 0.0812861 0.0357678 0.1072372 0.0626004 0.1230700 0.2660354 0.1074593 0.1891153 0.0696817 0.1134174 0.0358360 0.1047265 0.0520472 
MT-2_1_300                       0.1918521 0.1288320 0.0000000 0.0574544 0.2054327 0.0929089 0.1472856 0.1408612 0.0516077 0.1566815 0.0811704 0.2049251 0.1164538 0.1164891 0.0519858 0.0357534 0.1472856 0.0987387 0.1374158 0.0684711 0.1227549 0.0202922 0.1860847 0.1663947 0.0987226 0.0253558 0.0853026 0.1983843 0.1853613 0.2037205 0.0987226 0.2269896 0.2462520 0.0987387 0.2531932 0.1829511 0.0569716 0.1375171 0.1472856 0.2181038 0.1286946 0.1966296 0.3422724 0.1991766 0.0516077 0.1246368 0.2061818 0.1105661 0.1760798 0.1106556 
MT-2_1_200                       0.1519521 0.0638323 0.0574544 0.0000000 0.1646962 0.0311900 0.1097672 0.0749278 0.1103131 0.1246965 0.0206071 0.1710601 0.0527167 0.0867218 0.1111689 0.0928167 0.1039046 0.0365161 0.1062894 0.0100220 0.0583015 0.0358340 0.1157522 0.0979806 0.0365151 0.0813228 0.0253480 0.1581395 0.1458047 0.1696033 0.0365151 0.1721212 0.2031227 0.0365161 0.1956740 0.1498192 0.1162374 0.1063654 0.1039046 0.1836876 0.0637962 0.1628684 0.2694059 0.1337224 0.1103131 0.0941320 0.1400269 0.0581966 0.1432903 0.0753094 
MT-4_1_500                       0.0100365 0.0901720 0.2054327 0.1646962 0.0000000 0.1371031 0.0463439 0.1489275 0.2396968 0.1668143 0.1491193 0.0050005 0.1371732 0.1505519 0.2416876 0.2328634 0.0516593 0.1311906 0.1726294 0.1519846 0.1076316 0.1843690 0.1667949 0.1482319 0.1311585 0.2193205 0.1584348 0.0050022 0.0151044 0.1745173 0.1311585 0.1933904 0.2208969 0.1311906 0.2134549 0.1801373 0.2329569 0.1727609 0.0516593 0.0151048 0.1369626 0.1677548 0.3651246 0.1607926 0.2396968 0.1593708 0.1672119 0.1195185 0.1733582 0.1382943 
NL43_ann_wk0virusPassRef_plasmid 0.1250012 0.0410594 0.0929089 0.0311900 0.1371031 0.0000000 0.0847642 0.0516559 0.1499799 0.0984488 0.0202022 0.1431672 0.0305204 0.0517956 0.1511889 0.1313216 0.0791752 0.0049869 0.0809697 0.0206210 0.0253330 0.0695984 0.0904488 0.0735575 0.0150957 0.1190537 0.0258985 0.1309093 0.1191329 0.1410795 0.0150957 0.1440153 0.1729876 0.0049869 0.1660251 0.1223321 0.1563012 0.0810250 0.0791752 0.1552397 0.0410425 0.1347118 0.2353472 0.1075880 0.1499799 0.0694655 0.1135570 0.0252932 0.1161574 0.0411254 
MT-4_1_300                       0.0357410 0.0410254 0.1472856 0.1097672 0.0463439 0.0847642 0.0000000 0.1073421 0.2052357 0.1110124 0.0960550 0.0516976 0.0960829 0.0968523 0.2069124 0.1856714 0.0049963 0.0792054 0.1166365 0.0979327 0.0571999 0.1279884 0.1366721 0.1187688 0.0791964 0.1727848 0.1038949 0.0409940 0.0305254 0.1422680 0.0791964 0.1621714 0.1885174 0.0792054 0.1814689 0.1233201 0.2118649 0.1167192 0.0049963 0.0624637 0.0959485 0.1358304 0.3100333 0.1308373 0.2052357 0.1044201 0.1370001 0.0682190 0.1170822 0.0854164 
MT-2_2_250                       0.1485933 0.0735418 0.1408612 0.0749278 0.1489275 0.0516559 0.1073421 0.0000000 0.2019252 0.1343547 0.0624382 0.1550633 0.0305061 0.0963736 0.1903519 0.1822662 0.1016074 0.0463405 0.1160161 0.0636819 0.0680358 0.1158428 0.0358381 0.0202322 0.0356913 0.1693113 0.0693242 0.1426383 0.1425834 0.1663768 0.0356913 0.0852119 0.1109097 0.0570277 0.1046803 0.1593675 0.1953858 0.1160980 0.1016074 0.1550633 0.0100190 0.1597730 0.3067157 0.0517611 0.2019252 0.1038852 0.0572234 0.0679111 0.1528561 0.0850081 
MT-2_1_450                       0.2255121 0.1891153 0.0516077 0.1103131 0.2396968 0.1499799 0.2052357 0.2019252 0.0000000 0.2202215 0.1370438 0.2390374 0.1754474 0.1755342 0.0203811 0.0151222 0.2090737 0.1563012 0.1992235 0.1223392 0.1825142 0.0696855 0.2512689 0.2298059 0.1562495 0.0253658 0.1406676 0.2322750 0.2321822 0.2571544 0.1562495 0.2622424 0.2828977 0.1563012 0.2755714 0.2487493 0.0151278 0.1993838 0.2090737 0.2526546 0.1888055 0.2494842 0.4233641 0.2468874 0.0100486 0.1851497 0.2543391 0.1691373 0.2411944 0.1692842 
MT-4_2_400                       0.1538478 0.0871907 0.1566815 0.1246965 0.1668143 0.0984488 0.1110124 0.1343547 0.2202215 0.0000000 0.1101787 0.1664504 0.1102115 0.0420156 0.2220781 0.1998537 0.1050674 0.0926760 0.0151096 0.1123657 0.0814322 0.1434914 0.1790358 0.1595848 0.0926623 0.1864267 0.1185890 0.1601391 0.1475993 0.0306460 0.0926623 0.2061685 0.2130605 0.0926760 0.2269809 0.0202498 0.2271207 0.0100317 0.1050674 0.1791715 0.1223138 0.0306460 0.3569018 0.1855626 0.2202215 0.0254246 0.1787997 0.0699482 0.0151139 0.0474665 
MT-2_1_50                        0.1368343 0.0517026 0.0811704 0.0206071 0.1491193 0.0202022 0.0960550 0.0624382 0.1370438 0.1101787 0.0000000 0.1552655 0.0305338 0.0737569 0.1381382 0.1187104 0.0903884 0.0253438 0.0924308 0.0102200 0.0463616 0.0583321 0.1018275 0.0846793 0.0253436 0.1066575 0.0258360 0.1428180 0.1308897 0.1534595 0.0253436 0.1561969 0.1857985 0.0253438 0.1786891 0.1344134 0.1432531 0.0924947 0.0903884 0.1674826 0.0516770 0.1469849 0.2493519 0.1191994 0.1370438 0.0807297 0.1252682 0.0462830 0.1281340 0.0627384 
MT-4_1_550                       0.0151150 0.0958585 0.2049251 0.1710601 0.0050005 0.1431672 0.0516976 0.1550633 0.2390374 0.1664504 0.1552655 0.0000000 0.1432372 0.1502477 0.2410140 0.2322364 0.0570519 0.1372129 0.1722472 0.1582465 0.1134722 0.1839483 0.1730359 0.1543283 0.1371772 0.2187527 0.1647542 0.0100441 0.0202185 0.1741240 0.1371772 0.1998706 0.2276326 0.1372129 0.2201037 0.1797257 0.2323292 0.1723779 0.0570519 0.0100338 0.1430152 0.1673861 0.3731807 0.1669972 0.2390374 0.1590348 0.1734724 0.1254623 0.1729717 0.1380268 
MT-2_2_150                       0.1368742 0.0517175 0.1164538 0.0527167 0.1371732 0.0305204 0.0960829 0.0305061 0.1754474 0.1102115 0.0305338 0.1432372 0.0000000 0.0737784 0.1639893 0.1563123 0.0904147 0.0253511 0.0924582 0.0418222 0.0463749 0.0923273 0.0680398 0.0516977 0.0150655 0.1437165 0.0472743 0.1309784 0.1309279 0.1411520 0.0150655 0.1198163 0.1473914 0.0357356 0.1407518 0.1344535 0.1690742 0.0925222 0.0904147 0.1553109 0.0201994 0.1347832 0.2789438 0.0846626 0.1754474 0.0807536 0.0904147 0.0462963 0.1281722 0.0627565 
MT-4_2_200                       0.1381039 0.0629437 0.1164891 0.0867218 0.1505519 0.0517956 0.0968523 0.0963736 0.1755342 0.0420156 0.0737569 0.1502477 0.0737784 0.0000000 0.1769637 0.1563795 0.0911269 0.0464631 0.0259325 0.0752223 0.0465776 0.1042763 0.1380370 0.1198950 0.0573300 0.1437725 0.0809992 0.1441642 0.1320851 0.0811690 0.0573300 0.1695613 0.1863084 0.0464631 0.1927950 0.0640266 0.1820239 0.0259491 0.0911269 0.1625090 0.0850670 0.0753739 0.3103785 0.1441505 0.1755342 0.0154119 0.1378766 0.0254755 0.0583994 0.0049979 
MT-2_1_570                       0.2409593 0.1906695 0.0519858 0.1111689 0.2416876 0.1511889 0.2069124 0.1903519 0.0203811 0.2220781 0.1381382 0.2410140 0.1639893 0.1769637 0.0000000 0.0255584 0.2108038 0.1575645 0.2008873 0.1232937 0.1840099 0.0702132 0.2394435 0.2180822 0.1575113 0.0255487 0.1417767 0.2341933 0.2340990 0.2593640 0.1575113 0.2644489 0.2853403 0.1575645 0.2779425 0.2508699 0.0050441 0.2010502 0.2108038 0.2547506 0.1772731 0.2516177 0.4003175 0.2351960 0.0101204 0.1866816 0.2426028 0.1705119 0.2432415 0.1706611 
MT-2_1_400                       0.2187890 0.1696263 0.0357534 0.0928167 0.2328634 0.1313216 0.1856714 0.1822662 0.0151222 0.1998537 0.1187104 0.2322364 0.1563123 0.1563795 0.0255584 0.0000000 0.1892108 0.1375189 0.1792996 0.1045815 0.1631591 0.0530791 0.2305481 0.2095382 0.1374814 0.0100411 0.1225253 0.2255121 0.2121064 0.2500180 0.1374814 0.2552339 0.2613210 0.1375189 0.2683554 0.2278171 0.0305599 0.1794406 0.1892108 0.2457792 0.1693795 0.2424090 0.3986545 0.2400075 0.0253753 0.1655713 0.2473999 0.1501005 0.2204404 0.1502282 
MT-4_1_200                       0.0409787 0.0357678 0.1472856 0.1039046 0.0516593 0.0791752 0.0049963 0.1016074 0.2090737 0.1050674 0.0903884 0.0570519 0.0904147 0.0911269 0.2108038 0.1892108 0.0000000 0.0736537 0.1106703 0.0921611 0.0518100 0.1219778 0.1307367 0.1129661 0.0736462 0.1761225 0.0980731 0.0462669 0.0357276 0.1360593 0.0736462 0.1682999 0.1948643 0.0736537 0.1877418 0.1172712 0.2158028 0.1107490 0.0000010 0.0678879 0.0902898 0.1296789 0.3025809 0.1367247 0.2090737 0.0985605 0.1429364 0.0627407 0.1110886 0.0797765 
MT-4_2_50                        0.1191787 0.0358091 0.0987387 0.0365161 0.1311906 0.0049869 0.0792054 0.0463405 0.1563012 0.0926760 0.0253438 0.1372129 0.0253511 0.0464631 0.1575645 0.1375189 0.0736537 0.0000000 0.0753265 0.0258673 0.0202013 0.0752239 0.0848478 0.0680796 0.0100306 0.1251666 0.0311873 0.1250494 0.1133478 0.1349895 0.0100306 0.1380216 0.1666811 0.0100088 0.1597911 0.1163887 0.1626647 0.0753777 0.0736537 0.1492136 0.0357956 0.1286754 0.2422888 0.1018742 0.1563012 0.0639162 0.1077946 0.0201703 0.1102649 0.0358671 
MT-4_2_300                       0.1596114 0.0812304 0.1374158 0.1062894 0.1726294 0.0809697 0.1166365 0.1160161 0.1992235 0.0151096 0.0924308 0.1722472 0.0924582 0.0259325 0.2008873 0.1792996 0.1106703 0.0753265 0.0000000 0.0942771 0.0755308 0.1246116 0.1595325 0.1405853 0.0753184 0.1661751 0.1003258 0.1659201 0.1533449 0.0518860 0.0753184 0.1924594 0.2103209 0.0753265 0.2170444 0.0358174 0.2059742 0.0000010 0.1106703 0.1849969 0.1042481 0.0464650 0.3584946 0.1659039 0.1992235 0.0100407 0.1593327 0.0531096 0.0305505 0.0312484 
MT-2_1_100                       0.1394654 0.0527426 0.0684711 0.0100220 0.1519846 0.0206210 0.0979327 0.0636819 0.1223392 0.1123657 0.0102200 0.1582465 0.0418222 0.0752223 0.1232937 0.1045815 0.0921611 0.0258673 0.0942771 0.0000000 0.0472987 0.0464498 0.1038139 0.0863437 0.0258671 0.0929125 0.0150812 0.1455596 0.1334111 0.1564833 0.0258671 0.1592135 0.1894520 0.0258673 0.1821874 0.1370636 0.1283521 0.0943435 0.0921611 0.1706901 0.0527167 0.1498795 0.2543867 0.1215062 0.1223392 0.0823488 0.1276915 0.0472167 0.1306609 0.0639943 
MT-4_1_100                       0.0960123 0.0151178 0.1227549 0.0583015 0.1076316 0.0253330 0.0571999 0.0680358 0.1825142 0.0814322 0.0463616 0.1134722 0.0463749 0.0465776 0.1840099 0.1631591 0.0518100 0.0202013 0.0755308 0.0472987 0.0000000 0.0983319 0.0959669 0.0789813 0.0305806 0.1504203 0.0528084 0.1017152 0.0903487 0.1232547 0.0305806 0.1317665 0.1569732 0.0202013 0.1503002 0.1048791 0.1890731 0.0755823 0.0518100 0.1251385 0.0571725 0.1170212 0.2573047 0.1017059 0.1825142 0.0640840 0.1076122 0.0202163 0.0988360 0.0359528 
MT-2_1_250                       0.1712481 0.1041861 0.0202922 0.0358340 0.1843690 0.0695984 0.1279884 0.1158428 0.0696855 0.1434914 0.0583321 0.1839483 0.0923273 0.1042763 0.0702132 0.0530791 0.1219778 0.0752239 0.1246116 0.0464498 0.0983319 0.0000000 0.1592696 0.1403633 0.0752159 0.0421765 0.0626747 0.1775912 0.1649458 0.1895615 0.0752159 0.2192683 0.2531829 0.0752239 0.2450046 0.1692396 0.0753031 0.1247026 0.1219778 0.1967538 0.1040964 0.1826323 0.3080224 0.1782689 0.0696855 0.1121098 0.1850236 0.0866287 0.1625238 0.0925891 
MT-2_2_350                       0.1664020 0.1016773 0.1860847 0.1157522 0.1667949 0.0904488 0.1366721 0.0358381 0.2512689 0.1790358 0.1018275 0.1730359 0.0680398 0.1380370 0.2394435 0.2305481 0.1307367 0.0848478 0.1595325 0.1038139 0.0959669 0.1592696 0.0000000 0.0150962 0.0734860 0.2168689 0.1098328 0.1603581 0.1602965 0.2132367 0.0734860 0.0465036 0.0699669 0.0961220 0.0641984 0.2055957 0.2443902 0.1596520 0.1307367 0.1730359 0.0463979 0.2061565 0.3483617 0.0150790 0.2512689 0.1465485 0.0202027 0.1076294 0.1986192 0.1259952 
MT-2_2_300                       0.1479011 0.0845586 0.1663947 0.0979806 0.1482319 0.0735575 0.1187688 0.0202322 0.2298059 0.1595848 0.0846793 0.1543283 0.0516977 0.1198950 0.2180822 0.2095382 0.1129661 0.0680796 0.1405853 0.0863437 0.0789813 0.1403633 0.0150962 0.0000000 0.0570302 0.1961695 0.0921979 0.1419822 0.1419278 0.1928403 0.0570302 0.0627738 0.0871610 0.0791003 0.0812073 0.1854759 0.2230715 0.1406886 0.1129661 0.1543283 0.0305575 0.1859670 0.3390402 0.0305211 0.2298059 0.1279735 0.0357828 0.0903379 0.1787015 0.1081464 
MT-2_2_100                       0.1191536 0.0358082 0.0987226 0.0365151 0.1311585 0.0150957 0.0791964 0.0356913 0.1562495 0.0926623 0.0253436 0.1371772 0.0150655 0.0573300 0.1575113 0.1374814 0.0736462 0.0100306 0.0753184 0.0258671 0.0305806 0.0752159 0.0734860 0.0570302 0.0000000 0.1251370 0.0311866 0.1250210 0.1133256 0.1349542 0.0000010 0.1256243 0.1534907 0.0202004 0.1467857 0.1163644 0.1626075 0.0753696 0.0736462 0.1491692 0.0253209 0.1286442 0.2574401 0.0902128 0.1562495 0.0639110 0.0960095 0.0305317 0.1102437 0.0465489 
MT-2_1_350                       0.2054649 0.1567965 0.0253558 0.0813228 0.2193205 0.1190537 0.1727848 0.1693113 0.0253658 0.1864267 0.1066575 0.2187527 0.1437165 0.1437725 0.0255487 0.0100411 0.1761225 0.1251666 0.1661751 0.0929125 0.1504203 0.0421765 0.2168689 0.1961695 0.1251370 0.0000000 0.1105967 0.2121064 0.1988643 0.2358660 0.1251370 0.2551311 0.2612136 0.1251666 0.2682454 0.2139989 0.0305485 0.1663042 0.1761225 0.2321436 0.1565879 0.2283801 0.3822118 0.2263672 0.0253658 0.1526798 0.2336399 0.1375742 0.2067438 0.1376897 
MT-2_1_150                       0.1457907 0.0582989 0.0853026 0.0253480 0.1584348 0.0258985 0.1038949 0.0693242 0.1406676 0.1185890 0.0258360 0.1647542 0.0472743 0.0809992 0.1417767 0.1225253 0.0980731 0.0311873 0.1003258 0.0150812 0.0528084 0.0626747 0.1098328 0.0921979 0.0311866 0.1105967 0.0000000 0.1519375 0.1396841 0.1631441 0.0311866 0.1657696 0.1964253 0.0311873 0.1890599 0.1435223 0.1468128 0.1003971 0.0980731 0.1773030 0.0582680 0.1564678 0.2621221 0.1276794 0.1406676 0.0882737 0.1339300 0.0527151 0.1370503 0.0696710 
MT-4_1_450                       0.0049949 0.0844363 0.1983843 0.1581395 0.0050022 0.1309093 0.0409940 0.1426383 0.2322750 0.1601391 0.1428180 0.0100441 0.1309784 0.1441642 0.2341933 0.2255121 0.0462669 0.1250494 0.1659201 0.1455596 0.1017152 0.1775912 0.1603581 0.1419822 0.1250210 0.2121064 0.1519375 0.0000000 0.0100214 0.1677095 0.1250210 0.1866438 0.2138119 0.1250494 0.2064813 0.1733083 0.2256023 0.1660453 0.0462669 0.0202260 0.1307804 0.1610289 0.3560090 0.1544067 0.2322750 0.1528171 0.1607545 0.1134785 0.1666108 0.1320286 
MT-4_1_350                       0.0049931 0.0733527 0.1853613 0.1458047 0.0151044 0.1191329 0.0305254 0.1425834 0.2321822 0.1475993 0.1308897 0.0202185 0.1309279 0.1320851 0.2340990 0.2121064 0.0357276 0.1133478 0.1533449 0.1334111 0.0903487 0.1649458 0.1602965 0.1419278 0.1133256 0.1988643 0.1396841 0.0100214 0.0000000 0.1804852 0.1133256 0.1865713 0.2137280 0.1133478 0.2064007 0.1605515 0.2389833 0.1534592 0.0357276 0.0305362 0.1307301 0.1736922 0.3406556 0.1543473 0.2321822 0.1404657 0.1606926 0.1019226 0.1539698 0.1201249 
MT-4_2_570                       0.1740782 0.1293610 0.2037205 0.1696033 0.1745173 0.1410795 0.1422680 0.1663768 0.2571544 0.0306460 0.1534595 0.1741240 0.1411520 0.0811690 0.2593640 0.2500180 0.1360593 0.1349895 0.0518860 0.1564833 0.1232547 0.1895615 0.2132367 0.1928403 0.1349542 0.2358660 0.1631441 0.1677095 0.1804852 0.0000000 0.1349542 0.2417051 0.2534926 0.1349895 0.2562204 0.0253974 0.2501212 0.0464984 0.1360593 0.1870536 0.1538326 0.0050065 0.3899337 0.2200489 0.2571544 0.0628822 0.2129278 0.1110076 0.0306240 0.0869542 
MT-2_2_50                        0.1191536 0.0358082 0.0987226 0.0365151 0.1311585 0.0150957 0.0791964 0.0356913 0.1562495 0.0926623 0.0253436 0.1371772 0.0150655 0.0573300 0.1575113 0.1374814 0.0736462 0.0100306 0.0753184 0.0258671 0.0305806 0.0752159 0.0734860 0.0570302 0.0000010 0.1251370 0.0311866 0.1250210 0.1133256 0.1349542 0.0000000 0.1256243 0.1534907 0.0202004 0.1467857 0.1163644 0.1626075 0.0753696 0.0736462 0.1491692 0.0253209 0.1286442 0.2574401 0.0902128 0.1562495 0.0639110 0.0960095 0.0305317 0.1102437 0.0465489 
MT-2_2_500                       0.1928964 0.1377790 0.2269896 0.1721212 0.1933904 0.1440153 0.1621714 0.0852119 0.2622424 0.2061685 0.1561969 0.1998706 0.1198163 0.1695613 0.2644489 0.2552339 0.1682999 0.1380216 0.1924594 0.1592135 0.1317665 0.2192683 0.0465036 0.0627738 0.1256243 0.2551311 0.1657696 0.1866438 0.1865713 0.2417051 0.1256243 0.0000000 0.0359753 0.1380216 0.0202968 0.2336697 0.2692891 0.1926090 0.1682999 0.1998706 0.0965362 0.2343333 0.4169433 0.0307004 0.2762622 0.1788215 0.0254604 0.1502204 0.2264062 0.1570059 
MT-2_2_570                       0.2202834 0.1632172 0.2462520 0.2031227 0.2208969 0.1729876 0.1885174 0.1109097 0.2828977 0.2130605 0.1857985 0.2276326 0.1473914 0.1863084 0.2853403 0.2613210 0.1948643 0.1666811 0.2103209 0.1894520 0.1569732 0.2531829 0.0699669 0.0871610 0.1534907 0.2612136 0.1964253 0.2138119 0.2137280 0.2534926 0.1534907 0.0359753 0.0000000 0.1666811 0.0100537 0.2486039 0.2902051 0.2104904 0.1948643 0.2276326 0.1228352 0.2493279 0.4549903 0.0644092 0.2974292 0.1961123 0.0587599 0.1795460 0.2411494 0.1800355 
MT-4_1_50                        0.1191787 0.0358091 0.0987387 0.0365161 0.1311906 0.0049869 0.0792054 0.0570277 0.1563012 0.0926760 0.0253438 0.1372129 0.0357356 0.0464631 0.1575645 0.1375189 0.0736537 0.0100088 0.0753265 0.0258673 0.0202013 0.0752239 0.0961220 0.0791003 0.0202004 0.1251666 0.0311873 0.1250494 0.1133478 0.1349895 0.0202004 0.1380216 0.1666811 0.0000000 0.1597911 0.1163887 0.1626647 0.0753777 0.0736537 0.1492136 0.0463405 0.1286754 0.2422888 0.1018742 0.1563012 0.0639162 0.1077946 0.0201703 0.1102649 0.0358671 
MT-2_2_550                       0.2128769 0.1564689 0.2531932 0.1956740 0.2134549 0.1660251 0.1814689 0.1046803 0.2755714 0.2269809 0.1786891 0.2201037 0.1407518 0.1927950 0.2779425 0.2683554 0.1877418 0.1597911 0.2170444 0.1821874 0.1503002 0.2450046 0.0641984 0.0812073 0.1467857 0.2682454 0.1890599 0.2064813 0.2064007 0.2562204 0.1467857 0.0202968 0.0100537 0.1597911 0.0000000 0.2554709 0.2828267 0.2172201 0.1877418 0.2201037 0.1164768 0.2562204 0.4356252 0.0477119 0.2900018 0.2027323 0.0422133 0.1725007 0.2479691 0.1796970 
MT-4_2_500                       0.1669084 0.1108247 0.1829511 0.1498192 0.1801373 0.1223321 0.1233201 0.1593675 0.2487493 0.0202498 0.1344134 0.1797257 0.1344535 0.0640266 0.2508699 0.2278171 0.1172712 0.1163887 0.0358174 0.1370636 0.1048791 0.1692396 0.2055957 0.1854759 0.1163644 0.2139989 0.1435223 0.1733083 0.1605515 0.0253974 0.1163644 0.2336697 0.2486039 0.1163887 0.2554709 0.0000000 0.2558372 0.0305723 0.1172712 0.1926586 0.1469707 0.0202195 0.3815729 0.2123221 0.2487493 0.0465014 0.2053048 0.0929852 0.0050001 0.0696581 
MT-2_1_550                       0.2322750 0.1957194 0.0569716 0.1162374 0.2329569 0.1563012 0.2118649 0.1953858 0.0151278 0.2271207 0.1432531 0.2323292 0.1690742 0.1820239 0.0050441 0.0305599 0.2158028 0.1626647 0.2059742 0.1283521 0.1890731 0.0753031 0.2443902 0.2230715 0.1626075 0.0305485 0.1468128 0.2256023 0.2389833 0.2501212 0.1626075 0.2692891 0.2902051 0.1626647 0.2828267 0.2558372 0.0000000 0.2061406 0.2158028 0.2458773 0.1823396 0.2425088 0.4152171 0.2401038 0.0050083 0.1917820 0.2474994 0.1755874 0.2482223 0.1757406 
MT-4_2_350                       0.1597311 0.0812861 0.1375171 0.1063654 0.1727609 0.0810250 0.1167192 0.1160980 0.1993838 0.0100317 0.0924947 0.1723779 0.0925222 0.0259491 0.2010502 0.1794406 0.1107490 0.0753777 0.0000010 0.0943435 0.0755823 0.1247026 0.1596520 0.1406886 0.0753696 0.1663042 0.1003971 0.1660453 0.1534592 0.0464984 0.0753696 0.1926090 0.2104904 0.0753777 0.2172201 0.0305723 0.2061406 0.0000000 0.1107490 0.1851389 0.1043204 0.0411274 0.3496972 0.1660290 0.1993838 0.0100474 0.1594519 0.0531450 0.0253530 0.0312686 
MT-4_1_250                       0.0409787 0.0357678 0.1472856 0.1039046 0.0516593 0.0791752 0.0049963 0.1016074 0.2090737 0.1050674 0.0903884 0.0570519 0.0904147 0.0911269 0.2108038 0.1892108 0.0000010 0.0736537 0.1106703 0.0921611 0.0518100 0.1219778 0.1307367 0.1129661 0.0736462 0.1761225 0.0980731 0.0462669 0.0357276 0.1360593 0.0736462 0.1682999 0.1948643 0.0736537 0.1877418 0.1172712 0.2158028 0.1107490 0.0000000 0.0678879 0.0902898 0.1296789 0.3025809 0.1367247 0.2090737 0.0985605 0.1429364 0.0627407 0.1110886 0.0797765 
MT-4_1_570                       0.0253648 0.1072372 0.2181038 0.1836876 0.0151048 0.1552397 0.0624637 0.1550633 0.2526546 0.1791715 0.1674826 0.0100338 0.1553109 0.1625090 0.2547506 0.2457792 0.0678879 0.1492136 0.1849969 0.1706901 0.1251385 0.1967538 0.1730359 0.1543283 0.1491692 0.2321436 0.1773030 0.0202260 0.0305362 0.1870536 0.1491692 0.1998706 0.2276326 0.1492136 0.2201037 0.1926586 0.2458773 0.1851389 0.0678879 0.0000000 0.1550633 0.1802002 0.3887570 0.1669972 0.2526546 0.1715643 0.1734724 0.1373201 0.1857909 0.1501179 
MT-2_2_200                       0.1366647 0.0626004 0.1286946 0.0637962 0.1369626 0.0410425 0.0959485 0.0100190 0.1888055 0.1223138 0.0516770 0.1430152 0.0201994 0.0850670 0.1772731 0.1693795 0.0902898 0.0357956 0.1042481 0.0527167 0.0571725 0.1040964 0.0463979 0.0305575 0.0253209 0.1565879 0.0582680 0.1307804 0.1307301 0.1538326 0.0253209 0.0965362 0.1228352 0.0463405 0.1164768 0.1469707 0.1823396 0.1043204 0.0902898 0.1550633 0.0000000 0.1473383 0.2919289 0.0625431 0.1888055 0.0923188 0.0680975 0.0570706 0.1405666 0.0738628 
MT-4_2_550                       0.1673414 0.1230700 0.1966296 0.1628684 0.1677548 0.1347118 0.1358304 0.1597730 0.2494842 0.0306460 0.1469849 0.1673861 0.1347832 0.0753739 0.2516177 0.2424090 0.1296789 0.1286754 0.0464650 0.1498795 0.1170212 0.1826323 0.2061565 0.1859670 0.1286442 0.2283801 0.1564678 0.1610289 0.1736922 0.0050065 0.1286442 0.2343333 0.2493279 0.1286754 0.2562204 0.0202195 0.2425088 0.0411274 0.1296789 0.1802002 0.1473383 0.0000000 0.3991873 0.2129064 0.2494842 0.0573516 0.2058636 0.1049002 0.0253952 0.0811047 
K03455.1                         0.3483159 0.2660354 0.3422724 0.2694059 0.3651246 0.2353472 0.3100333 0.3067157 0.4233641 0.3569018 0.2493519 0.3731807 0.2789438 0.3103785 0.4003175 0.3986545 0.3025809 0.2422888 0.3584946 0.2543867 0.2573047 0.3080224 0.3483617 0.3390402 0.2574401 0.3822118 0.2621221 0.3560090 0.3406556 0.3899337 0.2574401 0.4169433 0.4549903 0.2422888 0.4356252 0.3815729 0.4152171 0.3496972 0.3025809 0.3887570 0.2919289 0.3991873 0.0000000 0.3719832 0.4069219 0.3409398 0.3809335 0.2704839 0.3724479 0.2952439 
MT-2_2_400                       0.1604198 0.1074593 0.1991766 0.1337224 0.1607926 0.1075880 0.1308373 0.0517611 0.2468874 0.1855626 0.1191994 0.1669972 0.0846626 0.1441505 0.2351960 0.2400075 0.1367247 0.1018742 0.1659039 0.1215062 0.1017059 0.1782689 0.0150790 0.0305211 0.0902128 0.2263672 0.1276794 0.1544067 0.1543473 0.2200489 0.0902128 0.0307004 0.0644092 0.1018742 0.0477119 0.2123221 0.2401038 0.1660290 0.1367247 0.1669972 0.0625431 0.2129064 0.3719832 0.0000000 0.2468874 0.1528023 0.0050019 0.1134680 0.2052843 0.1320161 
MT-2_1_500                       0.2255121 0.1891153 0.0516077 0.1103131 0.2396968 0.1499799 0.2052357 0.2019252 0.0100486 0.2202215 0.1370438 0.2390374 0.1754474 0.1755342 0.0101204 0.0253753 0.2090737 0.1563012 0.1992235 0.1223392 0.1825142 0.0696855 0.2512689 0.2298059 0.1562495 0.0253658 0.1406676 0.2322750 0.2321822 0.2571544 0.1562495 0.2762622 0.2974292 0.1563012 0.2900018 0.2487493 0.0050083 0.1993838 0.2090737 0.2526546 0.1888055 0.2494842 0.4069219 0.2468874 0.0000000 0.1851497 0.2543391 0.1691373 0.2411944 0.1692842 
MT-4_2_250                       0.1466205 0.0696817 0.1246368 0.0941320 0.1593708 0.0694655 0.1044201 0.1038852 0.1851497 0.0254246 0.0807297 0.1590348 0.0807536 0.0154119 0.1866816 0.1655713 0.0985605 0.0639162 0.0100407 0.0823488 0.0640840 0.1121098 0.1465485 0.1279735 0.0639110 0.1526798 0.0882737 0.1528171 0.1404657 0.0628822 0.0639110 0.1788215 0.1961123 0.0639162 0.2027323 0.0465014 0.1917820 0.0100474 0.0985605 0.1715643 0.0923188 0.0573516 0.3409398 0.1528023 0.1851497 0.0000000 0.1463720 0.0420673 0.0411297 0.0206338 
MT-2_2_450                       0.1668166 0.1134174 0.2061818 0.1400269 0.1672119 0.1135570 0.1370001 0.0572234 0.2543391 0.1787997 0.1252682 0.1734724 0.0904147 0.1378766 0.2426028 0.2473999 0.1429364 0.1077946 0.1593327 0.1276915 0.1076122 0.1850236 0.0202027 0.0357828 0.0960095 0.2336399 0.1339300 0.1607545 0.1606926 0.2129278 0.0960095 0.0254604 0.0587599 0.1077946 0.0422133 0.2053048 0.2474994 0.1594519 0.1429364 0.1734724 0.0680975 0.2058636 0.3809335 0.0050019 0.2543391 0.1463720 0.0000000 0.1194931 0.1983434 0.1258538 
MT-4_2_100                       0.1076806 0.0358360 0.1105661 0.0581966 0.1195185 0.0252932 0.0682190 0.0679111 0.1691373 0.0699482 0.0462830 0.1254623 0.0462963 0.0254755 0.1705119 0.1501005 0.0627407 0.0201703 0.0531096 0.0472167 0.0202163 0.0866287 0.1076294 0.0903379 0.0305317 0.1375742 0.0527151 0.1134785 0.1019226 0.1110076 0.0305317 0.1502204 0.1795460 0.0201703 0.1725007 0.0929852 0.1755874 0.0531450 0.0627407 0.1373201 0.0570706 0.1049002 0.2704839 0.1134680 0.1691373 0.0420673 0.1194931 0.0000000 0.0870618 0.0151713 
MT-4_2_450                       0.1602688 0.1047265 0.1760798 0.1432903 0.1733582 0.1161574 0.1170822 0.1528561 0.2411944 0.0151139 0.1281340 0.1729717 0.1281722 0.0583994 0.2432415 0.2204404 0.1110886 0.1102649 0.0305505 0.1306609 0.0988360 0.1625238 0.1986192 0.1787015 0.1102437 0.2067438 0.1370503 0.1666108 0.1539698 0.0306240 0.1102437 0.2264062 0.2411494 0.1102649 0.2479691 0.0050001 0.2482223 0.0253530 0.1110886 0.1857909 0.1405666 0.0253952 0.3724479 0.2052843 0.2411944 0.0411297 0.1983434 0.0870618 0.0000000 0.0639788 
MT-4_2_150                       0.1260560 0.0520472 0.1106556 0.0753094 0.1382943 0.0411254 0.0854164 0.0850081 0.1692842 0.0474665 0.0627384 0.1380268 0.0627565 0.0049979 0.1706611 0.1502282 0.0797765 0.0358671 0.0312484 0.0639943 0.0359528 0.0925891 0.1259952 0.1081464 0.0465489 0.1376897 0.0696710 0.1320286 0.1201249 0.0869542 0.0465489 0.1570059 0.1800355 0.0358671 0.1796970 0.0696581 0.1757406 0.0312686 0.0797765 0.1501179 0.0738628 0.0811047 0.2952439 0.1320161 0.1692842 0.0206338 0.1258538 0.0151713 0.0639788 0.0000000 
