169
MT-2_2_460 0.0000000 0.1878879 0.1352935 0.1426598 0.1497536 0.2655532 0.2629278 0.2029286 0.2724415 0.1427161 0.2554127 0.1494276 0.2457752 0.1500832 0.1502091 0.2552048 0.2368013 0.2368231 0.1874485 0.2277547 0.1951628 0.1422493 0.2552048 0.1572697 0.1801312 0.2466690 0.1802023 0.2107448 0.2560416 0.1721101 0.1797159 0.1956265 0.2637958 0.2193998 0.2280589 0.2111096 0.2029286 0.1857366 0.2036428 0.1661647 0.1426598 0.1579497 0.2109412 0.1778313 0.1498734 0.1935884 0.1852576 0.1862781 0.1951628 0.1577504 0.2196034 0.1656339 0.1820664 0.2022019 0.1427161 0.1663030 0.2116843 0.1772329 0.2116843 0.1272946 0.0061317 0.0376407 0.0780041 0.0123425 0.0389032 0.1200933 0.0376264 0.1201403 0.0507434 0.0710425 0.0442000 0.0312270 0.0591373 0.0123379 0.0916367 0.1345516 0.0801769 0.1273444 0.0378538 0.0778280 0.0523206 0.0376407 0.0249392 0.0506768 0.0847347 0.0388352 0.0988262 0.0248887 0.0524153 0.1422845 0.0847019 0.0590932 0.0249665 0.0249540 0.0778582 0.2924098 0.3208880 0.1422367 0.1771105 0.1850484 0.3208880 0.1688613 0.3300163 0.2834178 0.2450344 0.1610915 0.3119384 0.3116778 0.2024196 0.3115494 0.3118063 0.2542943 0.2354731 0.3014614 0.1496875 0.3145244 0.1771105 0.2741758 0.2445664 0.1688613 0.3014614 0.2924098 0.1850484 0.1651595 0.3300163 0.3236884 0.2182008 0.2270950 0.1930352 0.5240458 0.1878879 0.1352935 0.1426598 0.1497536 0.2629278 0.2724415 0.1500832 0.1502091 0.2277547 0.2107448 0.1956265 0.2111096 0.2029286 0.2036428 0.1661647 0.2109412 0.1935884 0.1951628 0.1577504 0.1272946 0.0061317 0.0780041 0.1200933 0.0376264 0.1201403 0.0507434 0.0123379 0.0916367 0.3208880 0.1422367 0.1771105 0.3208880 0.1688613 0.3300163 0.2834178 0.2450344 0.3116778 0.3115494 0.1651595 
MT-4_1_200 0.1878879 0.0000000 0.0848473 0.0917631 0.0441706 0.1731058 0.1403804 0.0376436 0.1484673 0.0779880 0.1409333 0.0312270 0.1403804 0.0987354 0.0574141 0.1642034 0.1325208 0.1325324 0.0248906 0.1246704 0.0441148 0.0642481 0.1485283 0.0377047 0.0061294 0.1563640 0.0061317 0.0440980 0.1646720 0.0123388 0.0185844 0.0061294 0.1562997 0.1321780 0.0843986 0.1397485 0.0506247 0.1165626 0.0639735 0.0996685 0.0917631 0.0923174 0.1396449 0.1092270 0.0850823 0.1239266 0.1163275 0.1168650 0.0572084 0.0780182 0.0774618 0.0994066 0.1142423 0.1317292 0.0917988 0.0997458 0.0707142 0.1089258 0.0842958 0.0917423 0.1801312 0.1419937 0.1419755 0.2040702 0.2143745 0.0987491 0.1568001 0.1129481 0.1414716 0.1343209 0.1488087 0.1643500 0.2391277 0.1720277 0.1127205 0.0987107 0.2490580 0.1058177 0.2133262 0.1270304 0.2307372 0.1568617 0.2045658 0.1198782 0.1198945 0.2138400 0.1201403 0.1569233 0.2313331 0.1060168 0.1198477 0.2389143 0.1968708 0.1563839 0.1270801 0.2080020 0.2690911 0.0915300 0.1230375 0.1304811 0.2690911 0.1154298 0.2428123 0.1996421 0.1538966 0.1081444 0.2258286 0.2602335 0.1306270 0.2255476 0.2780108 0.1620151 0.1457157 0.2164310 0.0985177 0.2804128 0.1230375 0.1871464 0.1537026 0.1154298 0.2164310 0.2080020 0.1304811 0.1129133 0.2602335 0.2714111 0.1303365 0.1381388 0.1379785 0.4010400 0.0000010 0.0848473 0.0917631 0.0441706 0.1403804 0.1484673 0.0987354 0.0574141 0.1246704 0.0440980 0.0061294 0.1397485 0.0506247 0.0639735 0.0996685 0.1396449 0.1239266 0.0572084 0.0780182 0.0917423 0.1801312 0.1419755 0.0987491 0.1568001 0.1129481 0.1414716 0.1720277 0.1127205 0.2690911 0.0915300 0.1230375 0.2690911 0.1154298 0.2428123 0.1996421 0.1538966 0.2602335 0.2255476 0.1129133 
MT-4_1_70  0.1352935 0.0848473 0.0000000 0.0061225 0.0377850 0.1633344 0.1314173 0.1276167 0.1393048 0.0061248 0.1319232 0.0509388 0.1165261 0.0122950 0.0249390 0.1546905 0.1090071 0.1090163 0.1132207 0.1015086 0.1349533 0.0185789 0.1393613 0.0442856 0.0779577 0.1470235 0.0917988 0.1349002 0.1551198 0.0990149 0.1060670 0.0917631 0.1469639 0.0942994 0.1810313 0.0871553 0.1422966 0.0520127 0.1577030 0.0378183 0.0061225 0.0312995 0.0870950 0.0453241 0.0248712 0.0727221 0.0657291 0.0521310 0.1497553 0.0185387 0.1730038 0.0509390 0.0509619 0.0798603 0.0061248 0.0378451 0.1653899 0.0588658 0.1807459 0.0185833 0.1279342 0.0919407 0.0776491 0.1505320 0.1710294 0.0248898 0.1059753 0.0376734 0.0916463 0.0707252 0.0986062 0.1131226 0.1951831 0.1203801 0.0507794 0.0248804 0.2045326 0.0312531 0.1666880 0.0640050 0.1870042 0.1060168 0.1508640 0.0711545 0.0573878 0.1706284 0.0574901 0.1060583 0.1874589 0.0185547 0.0573658 0.1950117 0.1510397 0.1057456 0.0640295 0.1503504 0.2074718 0.0185462 0.0452133 0.0519080 0.2074718 0.0385148 0.1827802 0.1425305 0.1011924 0.0319538 0.1668092 0.1991478 0.0657674 0.1666057 0.2158631 0.1086625 0.0937376 0.1582392 0.0248395 0.2176808 0.0452133 0.1317336 0.1010960 0.0385148 0.1582392 0.1503504 0.0519080 0.0376620 0.1991478 0.2092138 0.0794564 0.0866450 0.0586583 0.3254048 0.0848473 0.0000010 0.0061225 0.0377850 0.1314173 0.1393048 0.0122950 0.0249390 0.1015086 0.1349002 0.0917631 0.0871553 0.1422966 0.1577030 0.0378183 0.0870950 0.0727221 0.1497553 0.0185387 0.0185833 0.1279342 0.0776491 0.0248898 0.1059753 0.0376734 0.0916463 0.1203801 0.0507794 0.2074718 0.0185462 0.0452133 0.2074718 0.0385148 0.1827802 0.1425305 0.1011924 0.1991478 0.1666057 0.0376620 
MT-4_2_40  0.1426598 0.0917631 0.0061225 0.0000000 0.0442687 0.1711793 0.1389306 0.1349002 0.1469043 0.0122996 0.1394705 0.0575506 0.1239148 0.0061203 0.0313040 0.1624186 0.1163191 0.1163290 0.1203901 0.1087396 0.1422966 0.0248742 0.1469639 0.0508257 0.0848143 0.1546905 0.0987739 0.1422406 0.1628750 0.1060670 0.1131764 0.0987354 0.1546277 0.1014681 0.1887783 0.0942618 0.1496963 0.0587559 0.1652534 0.0443067 0.0122950 0.0377154 0.0941961 0.0520127 0.0312166 0.0796689 0.0726063 0.0588912 0.1572141 0.0248191 0.1806743 0.0575507 0.0575754 0.0868830 0.0122996 0.0443383 0.1730038 0.0656800 0.1884756 0.0123331 0.1352401 0.0989294 0.0708550 0.1580398 0.1789103 0.0185833 0.0988908 0.0312531 0.0847094 0.0640050 0.0916107 0.1059753 0.2032588 0.1276060 0.0442308 0.0185763 0.2127457 0.0248898 0.1743718 0.0573438 0.1950117 0.0989294 0.1583935 0.0779524 0.0507794 0.1784846 0.0508686 0.1131670 0.1954930 0.0123146 0.0507599 0.2030797 0.1585791 0.1128258 0.0573658 0.1425305 0.1991478 0.0123088 0.0385817 0.0452170 0.1991478 0.0319538 0.1746583 0.1347794 0.0940092 0.0254502 0.1588160 0.1908918 0.0589211 0.1586227 0.2074718 0.1013967 0.0866450 0.1503504 0.0185462 0.2092138 0.0385817 0.1242072 0.0939232 0.0319538 0.1503504 0.1425305 0.0452170 0.0312436 0.1908918 0.2008149 0.0725039 0.0796151 0.0519080 0.3159573 0.0917631 0.0061225 0.0000010 0.0442687 0.1389306 0.1469043 0.0061203 0.0313040 0.1087396 0.1422406 0.0987354 0.0942618 0.1496963 0.1652534 0.0443067 0.0941961 0.0796689 0.1572141 0.0248191 0.0123331 0.1352401 0.0708550 0.0185833 0.0988908 0.0312531 0.0847094 0.1276060 0.0442308 0.1991478 0.0123088 0.0385817 0.1991478 0.0319538 0.1746583 0.1347794 0.0940092 0.1908918 0.1586227 0.0312436 
MT-4_1_150 0.1497536 0.0441706 0.0377850 0.0442687 0.0000000 0.1641358 0.1320043 0.0843424 0.1399422 0.0313551 0.1325155 0.0123230 0.1170257 0.0508063 0.0123221 0.1554281 0.1094639 0.1094733 0.0707805 0.1019242 0.0912394 0.0186072 0.1399992 0.0061239 0.0376903 0.1477106 0.0507083 0.0912042 0.1558625 0.0574119 0.0640558 0.0506900 0.1476503 0.0946776 0.1343373 0.1018833 0.0981579 0.0800140 0.1125026 0.0646229 0.0442687 0.0577398 0.1018113 0.0730301 0.0509583 0.0870449 0.0798744 0.0802064 0.1051711 0.0443026 0.1268737 0.0644712 0.0784100 0.0943768 0.0442856 0.0646709 0.1197044 0.0728505 0.1341499 0.0442651 0.1422989 0.1057789 0.1057677 0.1652200 0.1746167 0.0508208 0.1200032 0.0641114 0.1054273 0.0985096 0.1124803 0.1272492 0.1984117 0.1346096 0.0777917 0.0508013 0.2076432 0.0574368 0.1738807 0.0915226 0.1903546 0.1200501 0.1655935 0.0846620 0.0846622 0.1742120 0.0848232 0.1200971 0.1908118 0.0575239 0.0846294 0.1982408 0.1581549 0.1197280 0.0915581 0.1831151 0.2426881 0.0441719 0.0725443 0.0795080 0.2426881 0.0655285 0.2169981 0.1749664 0.1310437 0.0587098 0.2003969 0.2340268 0.0940730 0.2001493 0.2514159 0.1388942 0.1231698 0.1913343 0.0507123 0.2535730 0.0725443 0.1631771 0.1308964 0.0655285 0.1913343 0.1831151 0.0795080 0.0640919 0.2340268 0.2447649 0.1082423 0.1157888 0.0865269 0.3507190 0.0441706 0.0377850 0.0442687 0.0000010 0.1320043 0.1399422 0.0508063 0.0123221 0.1019242 0.0912042 0.0506900 0.1018833 0.0981579 0.1125026 0.0646229 0.1018113 0.0870449 0.1051711 0.0443026 0.0442651 0.1422989 0.1057677 0.0508208 0.1200032 0.0641114 0.1054273 0.1346096 0.0777917 0.2426881 0.0441719 0.0725443 0.2426881 0.0655285 0.2169981 0.1749664 0.1310437 0.2340268 0.2001493 0.0640919 
MT-4_2_570 0.2655532 0.1731058 0.1633344 0.1711793 0.1641358 0.0000000 0.0378040 0.2231280 0.0313083 0.1555518 0.0186438 0.1646040 0.0378040 0.1790861 0.1646790 0.0186305 0.0378308 0.0378308 0.2064100 0.0444169 0.2147364 0.1561752 0.0186305 0.1562997 0.1650754 0.0123691 0.1812087 0.2315815 0.0061471 0.1898718 0.1980653 0.1811336 0.0249435 0.0509757 0.2457701 0.0575877 0.2231280 0.1191196 0.2240094 0.1164567 0.1711793 0.1242808 0.0643530 0.1267136 0.1322374 0.0782258 0.0782783 0.1188647 0.2147364 0.1401746 0.2315810 0.1015702 0.1015974 0.0712442 0.1555518 0.1089505 0.2231288 0.0922887 0.2401949 0.1710815 0.2742763 0.2487529 0.2293768 0.2841147 0.3157215 0.1790499 0.2660867 0.1791232 0.2474800 0.2203856 0.2560465 0.2749523 0.3336433 0.2839974 0.1957682 0.1789768 0.3310691 0.1870854 0.3134394 0.2120610 0.3345454 0.2661969 0.3029464 0.2223293 0.2039689 0.3147379 0.2044824 0.2663073 0.3356253 0.1875875 0.2038852 0.3438974 0.2942257 0.2649952 0.2121480 0.3077813 0.3353833 0.1706101 0.2085763 0.2170597 0.3353833 0.1996744 0.3258058 0.2983318 0.2435752 0.1913783 0.3072106 0.3258058 0.2359359 0.3068157 0.3259436 0.2530509 0.2535383 0.3172915 0.1785501 0.3288794 0.2085763 0.2628031 0.2631943 0.1996744 0.3172915 0.3077813 0.2170597 0.1951251 0.3258058 0.3384059 0.2352698 0.2447033 0.2255916 0.5292224 0.1731058 0.1633344 0.1711793 0.1641358 0.0378040 0.0313083 0.1790861 0.1646790 0.0444169 0.2315815 0.1811336 0.0575877 0.2231280 0.2240094 0.1164567 0.0643530 0.0782258 0.2147364 0.1401746 0.1710815 0.2742763 0.2293768 0.1790499 0.2660867 0.1791232 0.2474800 0.2839974 0.1957682 0.3353833 0.1706101 0.2085763 0.3353833 0.1996744 0.3258058 0.2983318 0.2435752 0.3258058 0.3068157 0.1951251 
MT-4_2_430 0.2629278 0.1403804 0.1314173 0.1389306 0.1320043 0.0378040 0.0000000 0.1881069 0.0061392 0.1239648 0.0123469 0.1323576 0.0123083 0.1465047 0.1323982 0.0185834 0.0123167 0.0185892 0.1721072 0.0185892 0.1962827 0.1244157 0.0185834 0.1245074 0.1327131 0.0248891 0.1481181 0.1962018 0.0313059 0.1562997 0.1641358 0.1480575 0.0123335 0.0248876 0.2433506 0.0312375 0.2044433 0.0888198 0.2219018 0.0868421 0.1389306 0.0942238 0.0376937 0.0960872 0.1017242 0.0508909 0.0509245 0.0886428 0.2127550 0.1092421 0.2293906 0.0726624 0.0726745 0.0442507 0.1239648 0.0796976 0.2210439 0.0643128 0.2378945 0.1388726 0.2542707 0.2293696 0.2107579 0.2812275 0.2941275 0.1464978 0.2462408 0.1619463 0.2282621 0.2020619 0.2366044 0.2548668 0.3218815 0.2636630 0.1780942 0.1464386 0.3131145 0.1541891 0.2921615 0.1939600 0.3124465 0.2463420 0.2820394 0.2037620 0.1860731 0.2932512 0.1865229 0.2464433 0.3134113 0.1545514 0.1859975 0.3215603 0.2735285 0.2453027 0.1940388 0.2677942 0.3129513 0.1385132 0.1740340 0.1821485 0.3129513 0.1656135 0.2852589 0.2587303 0.2074181 0.1576775 0.2673530 0.3036225 0.1998948 0.2670132 0.3223344 0.2163816 0.2167375 0.2769237 0.1461137 0.3251987 0.1740340 0.2255648 0.2258636 0.1656135 0.2769237 0.2677942 0.1821485 0.1618950 0.3036225 0.3157286 0.1993701 0.2082814 0.1903154 0.5040946 0.1403804 0.1314173 0.1389306 0.1320043 0.0000010 0.0061392 0.1465047 0.1323982 0.0185892 0.1962018 0.1480575 0.0312375 0.2044433 0.2219018 0.0868421 0.0376937 0.0508909 0.2127550 0.1092421 0.1388726 0.2542707 0.2107579 0.1464978 0.2462408 0.1619463 0.2282621 0.2636630 0.1780942 0.3129513 0.1385132 0.1740340 0.3129513 0.1656135 0.2852589 0.2587303 0.2074181 0.3036225 0.2670132 0.1618950 
MT-4_1_360 0.2029286 0.0376436 0.1276167 0.1349002 0.0843424 0.2231280 0.1881069 0.0000000 0.1967912 0.1203901 0.1888951 0.0706239 0.1881069 0.1422406 0.0984118 0.2134108 0.1797073 0.1797235 0.0123145 0.1712844 0.0185473 0.1057568 0.1968726 0.0775345 0.0440980 0.2051505 0.0312413 0.0061276 0.2140715 0.0248403 0.0185473 0.0440980 0.2050656 0.1792022 0.0441810 0.1871821 0.0123099 0.1624598 0.0248819 0.1437382 0.1349002 0.1358009 0.1870365 0.1547201 0.1279954 0.1701807 0.1620716 0.1629170 0.0185473 0.1204374 0.0376581 0.1433067 0.1592385 0.1785469 0.1349533 0.1438553 0.0312527 0.1542313 0.0441337 0.1348476 0.1950861 0.1715036 0.1877104 0.2193247 0.2299627 0.1422367 0.1867027 0.1571996 0.1708238 0.1795476 0.1783533 0.1944563 0.2549701 0.1868491 0.1568536 0.1421807 0.2651373 0.1496875 0.2287797 0.1718821 0.2464918 0.1867759 0.2198687 0.1486656 0.1644053 0.2293758 0.1647743 0.1715708 0.2471428 0.1500239 0.1643408 0.2547404 0.2121088 0.1709571 0.1719497 0.2290594 0.2906913 0.1345102 0.1687933 0.1766390 0.2906913 0.1606611 0.2642326 0.2206231 0.2016370 0.1529812 0.2471323 0.2817751 0.1768872 0.2468282 0.2996653 0.2103229 0.1927816 0.2375632 0.1418761 0.3022408 0.1687933 0.2287817 0.2013191 0.1606611 0.2375632 0.2290594 0.1766390 0.1571510 0.2817751 0.2931849 0.1764567 0.1848018 0.1845329 0.4645342 0.0376436 0.1276167 0.1349002 0.0843424 0.1881069 0.1967912 0.1422406 0.0984118 0.1712844 0.0061276 0.0440980 0.1871821 0.0123099 0.0248819 0.1437382 0.1870365 0.1701807 0.0185473 0.1204374 0.1348476 0.1950861 0.1877104 0.1422367 0.1867027 0.1571996 0.1708238 0.1868491 0.1568536 0.2906913 0.1345102 0.1687933 0.2906913 0.1606611 0.2642326 0.2206231 0.2016370 0.2817751 0.2468282 0.1571510 
MT-4_2_500 0.2724415 0.1484673 0.1393048 0.1469043 0.1399422 0.0313083 0.0061392 0.1967912 0.0000000 0.1317668 0.0061362 0.1403230 0.0185764 0.1545650 0.1403709 0.0123139 0.0185892 0.0249400 0.1806025 0.0249400 0.2050656 0.1322581 0.0123139 0.1323576 0.1407062 0.0185533 0.1562997 0.2049808 0.0248910 0.1646040 0.1725335 0.1562355 0.0061296 0.0313041 0.2528648 0.0377203 0.2133225 0.0962909 0.2310352 0.0941452 0.1469043 0.1016372 0.0442542 0.1036428 0.1092514 0.0576218 0.0576593 0.0960954 0.2217325 0.1168753 0.2385567 0.0797876 0.0798028 0.0508949 0.1317668 0.0869092 0.2301151 0.0712052 0.2471590 0.1468376 0.2636876 0.2385361 0.2195979 0.2909726 0.3042104 0.1545521 0.2555960 0.1701808 0.2373543 0.2107770 0.2457880 0.2643196 0.3322740 0.2732174 0.1865396 0.1544895 0.3234538 0.1623333 0.3021047 0.2025827 0.3227308 0.2557013 0.2918284 0.2125877 0.1946105 0.3032866 0.1950899 0.2558067 0.3237459 0.1627279 0.1945312 0.3319383 0.2832344 0.2545893 0.2026652 0.2777767 0.3233905 0.1464514 0.1825938 0.1908054 0.3233905 0.1740497 0.2954028 0.2686066 0.2164017 0.1660196 0.2773045 0.3139635 0.2088402 0.2769507 0.3328707 0.2254984 0.2258848 0.2870114 0.1541402 0.3358435 0.1825938 0.2348285 0.2351487 0.1740497 0.2870114 0.2777767 0.1908054 0.1701267 0.3139635 0.3262756 0.2082814 0.2173277 0.1990689 0.5176468 0.1484673 0.1393048 0.1469043 0.1399422 0.0061392 0.0000010 0.1545650 0.1403709 0.0249400 0.2049808 0.1562355 0.0377203 0.2133225 0.2310352 0.0941452 0.0442542 0.0576218 0.2217325 0.1168753 0.1468376 0.2636876 0.2195979 0.1545521 0.2555960 0.1701808 0.2373543 0.2732174 0.1865396 0.3233905 0.1464514 0.1825938 0.3233905 0.1740497 0.2954028 0.2686066 0.2164017 0.3139635 0.2769507 0.1701267 
MT-4_1_90  0.1427161 0.0779880 0.0061248 0.0122996 0.0313551 0.1555518 0.1239648 0.1203901 0.1317668 0.0000000 0.1244375 0.0443829 0.1091982 0.0185247 0.0186264 0.1470235 0.1017552 0.1017638 0.1061086 0.0943371 0.1276668 0.0123350 0.1318202 0.0377995 0.0711574 0.1394179 0.0848803 0.1276167 0.1474264 0.0920201 0.0990149 0.0848473 0.1393613 0.0871900 0.1733409 0.0801076 0.1349533 0.0453241 0.1502112 0.0313834 0.0122996 0.0249360 0.0800526 0.0386898 0.0185771 0.0658336 0.0589095 0.0454259 0.1423526 0.0123089 0.1653899 0.0443832 0.0444041 0.0728947 0.0123043 0.0314055 0.1578331 0.0521073 0.1730724 0.0248898 0.1352935 0.0989681 0.0845032 0.1581025 0.1789833 0.0312531 0.1131226 0.0441511 0.0986446 0.0775047 0.1056632 0.1203328 0.2033418 0.1276561 0.0573878 0.0312412 0.2128332 0.0376734 0.1744415 0.0707252 0.1950914 0.1131670 0.1584565 0.0779826 0.0640541 0.1785572 0.0641701 0.1132113 0.1955731 0.0248505 0.0640295 0.2031626 0.1586422 0.1128698 0.0707524 0.1582392 0.2158631 0.0248395 0.0519038 0.0586583 0.2158631 0.0451337 0.1909711 0.1503504 0.1084401 0.0385148 0.1748720 0.2074718 0.0726754 0.1746583 0.2243217 0.1159935 0.1008932 0.1661968 0.0311891 0.2262162 0.0519038 0.1393280 0.1083325 0.0451337 0.1661968 0.1582392 0.0586583 0.0441377 0.2074718 0.2176808 0.0864697 0.0937376 0.0654682 0.3349163 0.0779880 0.0061248 0.0122996 0.0313551 0.1239648 0.1317668 0.0185247 0.0186264 0.0943371 0.1276167 0.0848473 0.0801076 0.1349533 0.1502112 0.0313834 0.0800526 0.0658336 0.1423526 0.0123089 0.0248898 0.1352935 0.0845032 0.0312531 0.1131226 0.0441511 0.0986446 0.1276561 0.0573878 0.2158631 0.0248395 0.0519038 0.2158631 0.0451337 0.1909711 0.1503504 0.1084401 0.2074718 0.1746583 0.0441377 
MT-4_2_520 0.2554127 0.1409333 0.1319232 0.1394705 0.1325155 0.0186438 0.0123469 0.1888951 0.0061362 0.1244375 0.0000000 0.1328720 0.0123469 0.1470792 0.1329132 0.0123272 0.0123554 0.0186483 0.1728150 0.0186483 0.1888951 0.1248925 0.0000010 0.1249850 0.1332306 0.0061385 0.1487075 0.1970314 0.0123525 0.1569299 0.1648041 0.1486464 0.0061362 0.0249673 0.2356942 0.0313384 0.1970314 0.0891464 0.2144011 0.0871546 0.1394705 0.0945674 0.0378168 0.0964450 0.1021002 0.0510618 0.0510949 0.0889679 0.2053177 0.1096510 0.2219141 0.0729191 0.0729314 0.0443967 0.1244375 0.0799813 0.2135865 0.0645323 0.2303980 0.1394117 0.2554127 0.2303770 0.2116536 0.2736667 0.2955335 0.1470720 0.2473414 0.1625932 0.2292568 0.2029098 0.2376443 0.2560160 0.3234613 0.2648636 0.1788215 0.1470123 0.3146451 0.1547992 0.2935396 0.1947665 0.3139660 0.2474435 0.2833510 0.2046276 0.1868398 0.2946466 0.1872941 0.2475457 0.3149427 0.1551653 0.1867646 0.3231362 0.2747914 0.2463913 0.1948460 0.2690668 0.3051092 0.1390491 0.1747550 0.1829105 0.3051092 0.1662908 0.2866328 0.2599491 0.2083142 0.1583162 0.2686197 0.2957800 0.2007559 0.2682766 0.3144959 0.2173286 0.2176892 0.2782517 0.1466844 0.3173019 0.1747550 0.2265666 0.2268695 0.1662908 0.2782517 0.2690668 0.1829105 0.1625415 0.2957800 0.3173019 0.2002258 0.2091874 0.1911192 0.5072532 0.1409333 0.1319232 0.1394705 0.1325155 0.0123469 0.0061362 0.1470792 0.1329132 0.0186483 0.1970314 0.1486464 0.0313384 0.1970314 0.2144011 0.0871546 0.0378168 0.0510618 0.2053177 0.1096510 0.1394117 0.2554127 0.2116536 0.1470720 0.2473414 0.1625932 0.2292568 0.2648636 0.1788215 0.3051092 0.1390491 0.1747550 0.3051092 0.1662908 0.2866328 0.2599491 0.2083142 0.2957800 0.2682766 0.1625415 
MT-4_1_180 0.1494276 0.0312270 0.0509388 0.0575506 0.0123230 0.1646040 0.1323576 0.0706239 0.1403230 0.0443829 0.1328720 0.0000000 0.1173308 0.0642168 0.0249097 0.1558625 0.1097450 0.1097544 0.0573099 0.1021818 0.0773905 0.0313501 0.1403804 0.0061363 0.0248699 0.1481181 0.0376407 0.0773608 0.1562997 0.0441909 0.0507123 0.0376264 0.1480575 0.0949138 0.1196210 0.1021406 0.0841835 0.0802064 0.0982202 0.0647716 0.0575506 0.0578695 0.1020683 0.0732044 0.0510720 0.0872578 0.0800669 0.0804008 0.0910650 0.0443999 0.1123202 0.0646191 0.0785956 0.0946113 0.0575728 0.0648198 0.1052804 0.0730238 0.1194607 0.0575439 0.1419937 0.1055690 0.1055578 0.1648486 0.1742120 0.0642327 0.1197579 0.0777917 0.1052191 0.0983176 0.1122549 0.1269852 0.1979306 0.1343261 0.0776466 0.0642080 0.2071273 0.0709819 0.1734809 0.0913468 0.1899002 0.1198047 0.1652200 0.0845017 0.0845019 0.1738097 0.0846622 0.1198514 0.1903546 0.0710966 0.0844692 0.1977607 0.1578029 0.1194843 0.0913822 0.1836595 0.2434807 0.0574193 0.0866953 0.0938009 0.2434807 0.0795080 0.2176806 0.1754798 0.1313911 0.0725502 0.2010119 0.2347815 0.1087482 0.2007626 0.2522472 0.1392684 0.1234905 0.1919107 0.0640919 0.2544203 0.0866953 0.1636391 0.1312428 0.0795080 0.1919107 0.1836595 0.0938009 0.0777678 0.2347815 0.2455726 0.1085163 0.1160865 0.1009625 0.3720584 0.0312270 0.0509388 0.0575506 0.0123230 0.1323576 0.1403230 0.0642168 0.0249097 0.1021818 0.0773608 0.0376264 0.1021406 0.0841835 0.0982202 0.0647716 0.1020683 0.0872578 0.0910650 0.0443999 0.0575439 0.1419937 0.1055578 0.0642327 0.1197579 0.0777917 0.1052191 0.1343261 0.0776466 0.2434807 0.0574193 0.0866953 0.2434807 0.0795080 0.2176806 0.1754798 0.1313911 0.2347815 0.2007626 0.0777678 
MT-4_2_420 0.2457752 0.1403804 0.1165261 0.1239148 0.1170257 0.0378040 0.0123083 0.1881069 0.0185764 0.1091982 0.0123469 0.1173308 0.0000000 0.1313643 0.1173596 0.0312393 0.0000010 0.0061434 0.1721072 0.0061434 0.1962827 0.1095789 0.0185834 0.1096570 0.1327131 0.0248891 0.1481181 0.1962018 0.0313059 0.1562997 0.1641358 0.1480575 0.0248797 0.0123374 0.2433506 0.0185822 0.2044433 0.0745073 0.2219018 0.0728408 0.1239148 0.0800492 0.0249132 0.0816496 0.0873705 0.0378366 0.0378605 0.0743632 0.2127550 0.0947241 0.2293906 0.0589395 0.0589468 0.0313346 0.1091982 0.0658383 0.2210439 0.0510001 0.2378945 0.1238708 0.2372384 0.2126478 0.1945137 0.2637711 0.2761689 0.1313666 0.2292752 0.1465570 0.2116630 0.1859975 0.2198869 0.2377761 0.3035562 0.2464433 0.1623992 0.1313136 0.2948299 0.1389287 0.2744254 0.1780219 0.2942497 0.2293696 0.2645123 0.1875116 0.1702499 0.2753686 0.1706493 0.2294641 0.2951338 0.1392363 0.1701808 0.3032574 0.2560976 0.2284490 0.1780942 0.2498416 0.2944749 0.1235585 0.1581096 0.1660883 0.2944749 0.1498717 0.2671266 0.2409115 0.1908992 0.1420694 0.2494501 0.2852589 0.1834093 0.2491338 0.3037502 0.1996722 0.1999784 0.2588407 0.1310309 0.3064431 0.1581096 0.2086448 0.2089083 0.1498717 0.2588407 0.2498416 0.1660883 0.1465106 0.2852589 0.2970813 0.1829420 0.1916584 0.1741218 0.4818947 0.1403804 0.1165261 0.1239148 0.1170257 0.0123083 0.0185764 0.1313643 0.1173596 0.0061434 0.1962018 0.1480575 0.0185822 0.2044433 0.2219018 0.0728408 0.0249132 0.0378366 0.2127550 0.0947241 0.1238708 0.2372384 0.1945137 0.1313666 0.2292752 0.1465570 0.2116630 0.2464433 0.1623992 0.2944749 0.1235585 0.1581096 0.2944749 0.1498717 0.2671266 0.2409115 0.1908992 0.2852589 0.2491338 0.1465106 
MT-4_1_10  0.1500832 0.0987354 0.0122950 0.0061203 0.0508063 0.1790861 0.1465047 0.1422406 0.1545650 0.0185247 0.1470792 0.0642168 0.1313643 0.0000000 0.0377218 0.1702075 0.1236914 0.1237020 0.1276167 0.1160300 0.1496963 0.0312211 0.1546277 0.0574215 0.0917274 0.1624186 0.1058056 0.1496374 0.1706918 0.1131764 0.1203429 0.1057643 0.1623526 0.1086960 0.1965814 0.1014275 0.1571521 0.0655541 0.1728600 0.0508488 0.0061203 0.0441839 0.1013563 0.0587559 0.0376135 0.0866722 0.0795392 0.0657070 0.1647303 0.0311504 0.1884009 0.0642167 0.0642428 0.0939640 0.0185247 0.0508865 0.1806743 0.0725504 0.1962606 0.0185763 0.1426035 0.1059753 0.0776192 0.1656058 0.1868516 0.0248804 0.1059338 0.0376591 0.0916107 0.0706980 0.0985678 0.1130783 0.2113933 0.1348889 0.0507599 0.0123284 0.2210187 0.0312412 0.1821134 0.0639804 0.2030797 0.1059753 0.1659817 0.0848062 0.0573658 0.1864004 0.0574680 0.1203328 0.2035881 0.0061299 0.0573438 0.2112058 0.1661760 0.1199619 0.0640050 0.1347794 0.1908918 0.0061269 0.0320085 0.0385848 0.1908918 0.0254502 0.1666057 0.1270969 0.0868903 0.0190036 0.1508926 0.1827043 0.0521360 0.1507092 0.1991478 0.0941961 0.0796151 0.1425305 0.0123088 0.2008149 0.0320085 0.1167487 0.0868139 0.0254502 0.1425305 0.1347794 0.0385848 0.0248823 0.1827043 0.1924847 0.0656143 0.0726467 0.0452170 0.3065753 0.0987354 0.0122950 0.0061203 0.0508063 0.1465047 0.1545650 0.0000010 0.0377218 0.1160300 0.1496374 0.1057643 0.1014275 0.1571521 0.1728600 0.0508488 0.1013563 0.0866722 0.1647303 0.0311504 0.0185763 0.1426035 0.0776192 0.0248804 0.1059338 0.0376591 0.0916107 0.1348889 0.0507599 0.1908918 0.0061269 0.0320085 0.1908918 0.0254502 0.1666057 0.1270969 0.0868903 0.1827043 0.1507092 0.0248823 
MT-4_1_110 0.1502091 0.0574141 0.0249390 0.0313040 0.0123221 0.1646790 0.1323982 0.0984118 0.1403709 0.0186264 0.1329132 0.0249097 0.1173596 0.0377218 0.0000000 0.1559266 0.1097687 0.1097781 0.0845844 0.1022009 0.1054489 0.0061420 0.1404283 0.0185664 0.0508023 0.1481738 0.0640840 0.1054079 0.1563645 0.0709491 0.0777230 0.0640594 0.1481131 0.0949290 0.1494892 0.1021597 0.1125026 0.0659781 0.1271818 0.0511580 0.0313040 0.0444466 0.1020873 0.0591288 0.0378323 0.0872694 0.0800756 0.0661332 0.1196577 0.0313278 0.1418475 0.0646229 0.0646493 0.0946263 0.0313159 0.0511959 0.1345372 0.0730301 0.1492728 0.0443624 0.1427224 0.1060608 0.1060495 0.1657467 0.1751957 0.0509347 0.1203366 0.0642612 0.1057069 0.0987658 0.1127848 0.1276105 0.1991160 0.1350004 0.0779817 0.0509152 0.2084054 0.0575682 0.1744525 0.0917556 0.1910149 0.1203839 0.1661234 0.0848731 0.0848734 0.1747875 0.0850353 0.1204311 0.1914764 0.0442859 0.0848404 0.1989435 0.1586507 0.1200594 0.0917913 0.1837619 0.2437024 0.0442687 0.0727221 0.0797070 0.2437024 0.0656854 0.2178439 0.1755701 0.1314305 0.0588474 0.2011434 0.2349822 0.0943205 0.2008936 0.2524914 0.1393149 0.1235235 0.1920261 0.0508257 0.2546721 0.0727221 0.1637124 0.1312820 0.0656854 0.1920261 0.1837619 0.0797070 0.0642416 0.2349822 0.2458011 0.1085389 0.1161141 0.0867481 0.3489892 0.0574141 0.0249390 0.0313040 0.0123221 0.1323982 0.1403709 0.0377218 0.0000010 0.1022009 0.1054079 0.0640594 0.1021597 0.1125026 0.1271818 0.0511580 0.1020873 0.0872694 0.1196577 0.0313278 0.0443624 0.1427224 0.1060495 0.0509347 0.1203366 0.0642612 0.1057069 0.1350004 0.0779817 0.2437024 0.0442687 0.0727221 0.2437024 0.0656854 0.2178439 0.1755701 0.1314305 0.2349822 0.2008936 0.0642416 
MT-4_2_540 0.2552048 0.1642034 0.1546905 0.1624186 0.1554281 0.0186305 0.0185834 0.2134108 0.0123139 0.1470235 0.0123272 0.1558625 0.0312393 0.1702075 0.1559266 0.0000000 0.0312612 0.0377490 0.1969541 0.0377490 0.2051505 0.1475957 0.0123185 0.1477106 0.1562997 0.0061342 0.1721781 0.2217325 0.0123438 0.1806772 0.1887429 0.1721072 0.0061319 0.0442225 0.2354971 0.0507502 0.2134108 0.1110596 0.2142259 0.1085883 0.1624186 0.1162682 0.0574166 0.1185422 0.1240755 0.0710739 0.0711210 0.1108272 0.2051505 0.1318736 0.2217335 0.0939362 0.0939587 0.0642014 0.1470235 0.1012019 0.2134130 0.0849279 0.2302102 0.1623333 0.2637958 0.2386347 0.2196876 0.2734419 0.3043370 0.1701808 0.2557013 0.1702499 0.2374516 0.2108628 0.2458887 0.2644283 0.3324111 0.2733296 0.1866157 0.1701117 0.3235883 0.1780942 0.3022290 0.2026652 0.3228643 0.2558067 0.2919482 0.2126752 0.1946899 0.3034123 0.1951697 0.2559121 0.3238804 0.1785537 0.1946105 0.3320752 0.2833510 0.2546935 0.2027479 0.2963093 0.3235262 0.1618950 0.1990506 0.2074003 0.3235262 0.1903154 0.3140956 0.2870114 0.2334658 0.1821485 0.2957800 0.3140956 0.2258848 0.2954028 0.3142278 0.2427592 0.2432050 0.3056684 0.1697153 0.3170299 0.1990506 0.2523091 0.2526715 0.1903154 0.3056684 0.2963093 0.2074003 0.1860141 0.3140956 0.3264134 0.2252621 0.2345113 0.2157987 0.5402445 0.1642034 0.1546905 0.1624186 0.1554281 0.0185834 0.0123139 0.1702075 0.1559266 0.0377490 0.2217325 0.1721072 0.0507502 0.2134108 0.2142259 0.1085883 0.0574166 0.0710739 0.2051505 0.1318736 0.1623333 0.2637958 0.2196876 0.1701808 0.2557013 0.1702499 0.2374516 0.2733296 0.1866157 0.3235262 0.1618950 0.1990506 0.3235262 0.1903154 0.3140956 0.2870114 0.2334658 0.3140956 0.2954028 0.1860141 
MT-4_2_410 0.2368013 0.1325208 0.1090071 0.1163191 0.1094639 0.0378308 0.0123167 0.1797073 0.0185892 0.1017552 0.0123554 0.1097450 0.0000010 0.1236914 0.1097687 0.0312612 0.0000000 0.0000010 0.1638779 0.0000010 0.1877938 0.1021018 0.0185962 0.1021731 0.1249386 0.0249065 0.1401729 0.1877166 0.0313279 0.1482428 0.1559947 0.1401157 0.0248970 0.0061351 0.2341976 0.0123205 0.1958701 0.0673461 0.2130976 0.0658383 0.1163191 0.0729501 0.0185822 0.0744145 0.0801714 0.0313542 0.0313737 0.0672181 0.2040918 0.0874312 0.2205582 0.0520950 0.0521005 0.0249287 0.1017552 0.0589178 0.2122965 0.0443724 0.2289735 0.1162814 0.2283516 0.2039892 0.1861421 0.2545876 0.2666912 0.1236974 0.2204462 0.1387266 0.2030672 0.1777363 0.2112084 0.2288586 0.2937961 0.2374337 0.1543804 0.1236477 0.2851232 0.1311791 0.2650639 0.1698441 0.2845880 0.2205368 0.2552896 0.1791565 0.1621483 0.2659333 0.1625221 0.2206275 0.2854279 0.1314603 0.1620826 0.2935092 0.2469516 0.2196769 0.1699129 0.2404451 0.2846595 0.1159926 0.1499855 0.1578775 0.2846595 0.1418572 0.2575818 0.2316109 0.1823968 0.1341388 0.2400806 0.2755340 0.1749449 0.2397763 0.2938457 0.1910512 0.1913328 0.2493487 0.1233861 0.2964388 0.1499855 0.1998945 0.2001399 0.1418572 0.2493487 0.2404451 0.1578775 0.1386827 0.2755340 0.2871672 0.1745070 0.1831036 0.1658246 0.4824900 0.1325208 0.1090071 0.1163191 0.1094639 0.0123167 0.0185892 0.1236914 0.1097687 0.0000010 0.1877166 0.1401157 0.0123205 0.1958701 0.2130976 0.0658383 0.0185822 0.0313542 0.2040918 0.0874312 0.1162814 0.2283516 0.1861421 0.1236974 0.2204462 0.1387266 0.2030672 0.2374337 0.1543804 0.2846595 0.1159926 0.1499855 0.2846595 0.1418572 0.2575818 0.2316109 0.1823968 0.2755340 0.2397763 0.1386827 
MT-4_2_400 0.2368231 0.1325324 0.1090163 0.1163290 0.1094733 0.0378308 0.0185892 0.1797235 0.0249400 0.1017638 0.0186483 0.1097544 0.0061434 0.1237020 0.1097781 0.0377490 0.0000010 0.0000000 0.1638925 0.0000010 0.1878108 0.1021105 0.0249495 0.1021818 0.1249494 0.0313279 0.1401852 0.1877336 0.0378308 0.1482559 0.1560085 0.1401280 0.0313160 0.0061356 0.2342196 0.0123215 0.1958879 0.0673518 0.2131172 0.0658437 0.1163290 0.0729561 0.0185836 0.0744208 0.0801781 0.0313566 0.0313762 0.0672237 0.2041104 0.0874385 0.2205785 0.0520992 0.0521047 0.0249306 0.1017638 0.0589226 0.2123159 0.0443759 0.2289946 0.1162914 0.2283726 0.2040078 0.1861587 0.2546112 0.2667166 0.1237080 0.2204664 0.1387386 0.2030856 0.1777521 0.2112275 0.2288796 0.2935374 0.2374557 0.1543940 0.1236583 0.2747244 0.1311904 0.2650888 0.1698591 0.2846152 0.2205571 0.2553135 0.1791726 0.1621626 0.2659585 0.1625364 0.2206477 0.2854553 0.1314716 0.1620969 0.2935374 0.2469746 0.2196970 0.1699280 0.2404682 0.2846872 0.1160025 0.1499989 0.1578916 0.2846872 0.1418697 0.2576066 0.2316331 0.1824134 0.1341506 0.2401037 0.2755607 0.1749608 0.2397993 0.2938743 0.1910687 0.1913504 0.2493728 0.1233966 0.2964679 0.1499989 0.1999130 0.2001584 0.1418697 0.2493728 0.2404682 0.1578916 0.1386947 0.2755607 0.2871953 0.1745228 0.1831203 0.1658395 0.4824900 0.1325324 0.1090163 0.1163290 0.1094733 0.0185892 0.0249400 0.1237020 0.1097781 0.0000010 0.1877336 0.1401280 0.0123215 0.1958879 0.2131172 0.0658437 0.0185836 0.0313566 0.2041104 0.0874385 0.1162914 0.2283726 0.1861587 0.1237080 0.2204664 0.1387386 0.2030856 0.2374557 0.1543940 0.2846872 0.1160025 0.1499989 0.2846872 0.1418697 0.2576066 0.2316331 0.1824134 0.2755607 0.2397993 0.1386947 
MT-4_1_330 0.1874485 0.0248906 0.1132207 0.1203901 0.0707805 0.2064100 0.1721072 0.0123145 0.1806025 0.1061086 0.1728150 0.0573099 0.1721072 0.1276167 0.0845844 0.1969541 0.1638779 0.1638925 0.0000000 0.1556369 0.0185543 0.0917622 0.1806772 0.0640804 0.0312413 0.1888210 0.0185914 0.0185473 0.1975488 0.0123191 0.0061322 0.0312413 0.1887429 0.1634291 0.0573211 0.1712844 0.0248403 0.1470428 0.0376603 0.1289145 0.1203901 0.1211686 0.1711528 0.1394280 0.1135496 0.1546578 0.1467102 0.1474462 0.0311891 0.1061501 0.0506661 0.1285438 0.1441228 0.1628450 0.1204374 0.1290180 0.0441505 0.1390066 0.0572565 0.1203502 0.1797159 0.1565166 0.1724089 0.2035777 0.2138400 0.1276208 0.1715036 0.1423486 0.1559198 0.1644053 0.1633458 0.1791471 0.2385054 0.1716381 0.1420433 0.1275707 0.2483931 0.1349537 0.2127992 0.1568536 0.2301461 0.1715708 0.2040702 0.1340648 0.1494792 0.2133089 0.1498054 0.1565779 0.2307372 0.1352401 0.1494205 0.2382932 0.1963999 0.1560415 0.1569152 0.2124300 0.2731433 0.1200564 0.1534476 0.1611705 0.2731433 0.1454816 0.2470321 0.2041242 0.1856674 0.1379232 0.2301604 0.2643415 0.1613810 0.2298776 0.2820065 0.1941761 0.1770301 0.2208050 0.1273052 0.2844224 0.1534476 0.2121955 0.1853946 0.1454816 0.2208050 0.2124300 0.1611705 0.1423047 0.2643415 0.2754782 0.1609993 0.1691732 0.1689441 0.4439195 0.0248906 0.1132207 0.1203901 0.0707805 0.1721072 0.1806025 0.1276167 0.0845844 0.1556369 0.0185473 0.0312413 0.1712844 0.0248403 0.0376603 0.1289145 0.1711528 0.1546578 0.0311891 0.1061501 0.1203502 0.1797159 0.1724089 0.1276208 0.1715036 0.1423486 0.1559198 0.1716381 0.1420433 0.2731433 0.1200564 0.1534476 0.2731433 0.1454816 0.2470321 0.2041242 0.1856674 0.2643415 0.2298776 0.1423047 
MT-4_1_390 0.2277547 0.1246704 0.1015086 0.1087396 0.1019242 0.0444169 0.0185892 0.1712844 0.0249400 0.0943371 0.0186483 0.1021818 0.0061434 0.1160300 0.1022009 0.0377490 0.0000010 0.0000010 0.1556369 0.0000000 0.1792757 0.0946509 0.0249495 0.0947156 0.1171780 0.0313279 0.1322318 0.1792022 0.0378308 0.1401852 0.1478475 0.1321780 0.0313160 0.0061314 0.2249774 0.0123130 0.1872589 0.0602273 0.2042447 0.0588780 0.1087396 0.0658893 0.0123130 0.0672181 0.0730089 0.0249287 0.0249441 0.0601148 0.1953854 0.0801714 0.2116685 0.0452988 0.0453026 0.0185822 0.0943371 0.0520408 0.2034990 0.0377960 0.2199878 0.1087076 0.2193998 0.1952876 0.1777363 0.2453141 0.2571193 0.1160391 0.2115601 0.1308972 0.1944270 0.1694492 0.2024786 0.2198763 0.2839108 0.2283516 0.1463525 0.1159926 0.2753038 0.1234356 0.2556042 0.1616459 0.2748121 0.2116468 0.2459789 0.1707750 0.1540319 0.2564015 0.1543804 0.2117335 0.2756078 0.1236914 0.1539697 0.2836373 0.2377239 0.2108462 0.1617113 0.2309763 0.2747256 0.1084418 0.1418572 0.1496568 0.2747256 0.1338432 0.2479468 0.2222460 0.1738670 0.1262140 0.2306365 0.2657004 0.1664608 0.2303463 0.2838126 0.1823968 0.1826549 0.2397763 0.1157517 0.2863031 0.1418572 0.1911056 0.1913328 0.1338432 0.2397763 0.2309763 0.1496568 0.1308559 0.2657004 0.2771319 0.1660519 0.1745228 0.1575118 0.4702393 0.1246704 0.1015086 0.1087396 0.1019242 0.0185892 0.0249400 0.1160300 0.1022009 0.0000010 0.1792022 0.1321780 0.0123130 0.1872589 0.2042447 0.0588780 0.0123130 0.0249287 0.1953854 0.0801714 0.1087076 0.2193998 0.1777363 0.1160391 0.2115601 0.1308972 0.1944270 0.2283516 0.1463525 0.2747256 0.1084418 0.1418572 0.2747256 0.1338432 0.2479468 0.2222460 0.1738670 0.2657004 0.2303463 0.1308559 
MT-4_1_340 0.1951628 0.0441148 0.1349533 0.1422966 0.0912394 0.2147364 0.1962827 0.0185473 0.2050656 0.1276668 0.1888951 0.0773905 0.1962827 0.1496963 0.1054489 0.2051505 0.1877938 0.1878108 0.0185543 0.1792757 0.0000000 0.1128823 0.1887429 0.0843749 0.0506247 0.1969541 0.0376580 0.0123099 0.2057779 0.0311891 0.0248403 0.0376436 0.1968726 0.1872589 0.0377129 0.1953053 0.0061299 0.1703310 0.0185847 0.1513008 0.1422966 0.1432625 0.1951508 0.1625259 0.1353583 0.1781062 0.1699124 0.1708167 0.0123145 0.1277170 0.0312527 0.1508364 0.1669540 0.1865662 0.1423526 0.1514249 0.0248992 0.1620008 0.0376725 0.1422367 0.2029286 0.1791471 0.1955179 0.2114257 0.2381983 0.1496875 0.1944563 0.1647743 0.1784228 0.1872720 0.1860061 0.2022668 0.2633809 0.1946087 0.1644053 0.1496285 0.2736951 0.1571996 0.2369378 0.1795476 0.2548416 0.1945325 0.2279347 0.1561066 0.1720173 0.2375820 0.1724089 0.1792174 0.2555239 0.1575634 0.1719497 0.2631422 0.2201272 0.1785621 0.1796182 0.2375632 0.2818908 0.1418761 0.1766234 0.1845329 0.2818908 0.1684043 0.2730310 0.2290594 0.2097941 0.1606611 0.2558127 0.2730310 0.1848018 0.2554981 0.2908104 0.2185727 0.2008238 0.2461333 0.1493032 0.2933058 0.1766234 0.2372615 0.2094513 0.1684043 0.2461333 0.2375632 0.1845329 0.1647235 0.2730310 0.3022408 0.1843465 0.1927816 0.1924909 0.4542150 0.0441148 0.1349533 0.1422966 0.0912394 0.1962827 0.2050656 0.1496963 0.1054489 0.1792757 0.0123099 0.0376436 0.1953053 0.0061299 0.0185847 0.1513008 0.1951508 0.1781062 0.0123145 0.1277170 0.1422367 0.2029286 0.1955179 0.1496875 0.1944563 0.1647743 0.1784228 0.1946087 0.1644053 0.2818908 0.1418761 0.1766234 0.2818908 0.1684043 0.2730310 0.2290594 0.2097941 0.2730310 0.2554981 0.1647235 
MT-4_1_100 0.1422493 0.0642481 0.0185789 0.0248742 0.0186072 0.1561752 0.1244157 0.1057568 0.1322581 0.0123350 0.1248925 0.0313501 0.1095789 0.0312211 0.0061420 0.1475957 0.1021018 0.1021105 0.0917622 0.0946509 0.1128823 0.0000000 0.1323119 0.0249226 0.0575580 0.1399492 0.0709985 0.1128382 0.1480025 0.0779614 0.0848160 0.0709711 0.1398922 0.0874739 0.1575264 0.0946129 0.1200225 0.0589533 0.1349131 0.0444470 0.0248742 0.0378323 0.0945467 0.0521843 0.0313114 0.0799529 0.0728600 0.0590896 0.1272684 0.0248930 0.1497713 0.0577399 0.0577646 0.0871995 0.0248836 0.0444788 0.1423673 0.0659052 0.1572932 0.0377612 0.1348605 0.0986849 0.0986749 0.1575603 0.1667793 0.0442564 0.1127848 0.0574244 0.0983637 0.0914980 0.1053559 0.1199656 0.1903597 0.1272577 0.0709651 0.0442395 0.1994490 0.0508103 0.1660987 0.0845748 0.1823774 0.1128289 0.1579112 0.0777741 0.0777724 0.1663987 0.0779180 0.1128729 0.1828086 0.0376981 0.0777423 0.1901970 0.1505304 0.1125341 0.0846075 0.1748929 0.2339065 0.0376827 0.0656347 0.0725325 0.2339065 0.0586968 0.2084397 0.1668207 0.1235235 0.0519405 0.1919812 0.2253194 0.0869248 0.1917446 0.2425602 0.1312820 0.1157525 0.1830358 0.0441632 0.2446341 0.0656347 0.1552727 0.1233901 0.0586968 0.1830358 0.1748929 0.0725325 0.0574069 0.2253194 0.2359009 0.1009806 0.1084401 0.0794877 0.3371040 0.0642481 0.0185789 0.0248742 0.0186072 0.1244157 0.1322581 0.0312211 0.0061420 0.0946509 0.1128382 0.0709711 0.0946129 0.1200225 0.1349131 0.0444470 0.0945467 0.0799529 0.1272684 0.0248930 0.0377612 0.1348605 0.0986749 0.0442564 0.1127848 0.0574244 0.0983637 0.1272577 0.0709651 0.2339065 0.0376827 0.0656347 0.2339065 0.0586968 0.2084397 0.1668207 0.1235235 0.2253194 0.1917446 0.0574069 
MT-4_2_510 0.2552048 0.1485283 0.1393613 0.1469639 0.1399992 0.0186305 0.0185834 0.1968726 0.0123139 0.1318202 0.0000010 0.1403804 0.0185834 0.1546277 0.1404283 0.0123185 0.0185962 0.0249495 0.1806772 0.0249495 0.1887429 0.1323119 0.0000000 0.1324115 0.1407639 0.0061342 0.1563640 0.2050656 0.0123438 0.1646720 0.1726048 0.1562997 0.0061319 0.0313160 0.2354971 0.0377346 0.1968726 0.0963301 0.2142259 0.0941827 0.1469639 0.1016779 0.0442711 0.1036850 0.1092954 0.0576440 0.0576815 0.0961344 0.2051505 0.1169226 0.2217335 0.0798192 0.0798344 0.0509144 0.1318202 0.0869437 0.2134130 0.0712328 0.2302102 0.1468971 0.2637958 0.2386347 0.2196876 0.2734419 0.3043370 0.1546148 0.2557013 0.1702499 0.2374516 0.2108628 0.2458887 0.2644283 0.3324111 0.2733296 0.1866157 0.1545521 0.3235883 0.1623992 0.3022290 0.2026652 0.3228643 0.2558067 0.2919482 0.2126752 0.1946899 0.3034123 0.1951697 0.2559121 0.3238804 0.1627942 0.1946105 0.3320752 0.2833510 0.2546935 0.2027479 0.2778953 0.3048489 0.1465106 0.1826697 0.1908847 0.3048489 0.1741218 0.2955279 0.2687215 0.2164920 0.1660883 0.2774225 0.2955279 0.2089278 0.2770685 0.3142278 0.2255927 0.2259795 0.2871336 0.1542026 0.3170299 0.1826697 0.2349270 0.2352476 0.1741218 0.2871336 0.2778953 0.1908847 0.1701959 0.2955279 0.3264134 0.2083685 0.2174189 0.1991517 0.5178632 0.1485283 0.1393613 0.1469639 0.1399992 0.0185834 0.0123139 0.1546277 0.1404283 0.0249495 0.2050656 0.1562997 0.0377346 0.1968726 0.2142259 0.0941827 0.0442711 0.0576440 0.2051505 0.1169226 0.1468971 0.2637958 0.2196876 0.1546148 0.2557013 0.1702499 0.2374516 0.2733296 0.1866157 0.3048489 0.1465106 0.1826697 0.3048489 0.1741218 0.2955279 0.2687215 0.2164920 0.2955279 0.2770685 0.1701959 
