187
MT-2_2_530 0.0000000 0.2159279 0.1742296 0.1816728 0.1782757 0.3107875 0.2905221 0.2306606 0.1817476 0.2918561 0.1778838 0.2736327 0.1891705 0.1789529 0.3001162 0.2647327 0.2647555 0.2154190 0.2557241 0.2384486 0.1708701 0.3001162 0.1857051 0.2082716 0.2916107 0.2083560 0.3305253 0.2383525 0.2999901 0.3011301 0.2002927 0.2077874 0.2235496 0.3021524 0.3086699 0.3215594 0.2474832 0.2718039 0.2513980 0.2461908 0.2257412 0.2472982 0.2059676 0.1816728 0.1973524 0.2511820 0.2177653 0.2713228 0.1888944 0.2334271 0.2249477 0.2264257 0.2799273 0.2384486 0.2632706 0.1969653 0.2051149 0.2221801 0.2422405 0.1817476 0.2061512 0.2553728 0.2168201 0.2553728 0.1657809 0.0235129 0.0425298 0.0745399 0.1159213 0.0362505 0.0295071 0.0355482 0.0116057 0.1585105 0.0745103 0.1585752 0.0879545 0.1087792 0.0813129 0.0680326 0.0174947 0.0488968 0.1296502 0.1731044 0.1658486 0.0057889 0.1156478 0.0116101 0.0745399 0.0363092 0.0877881 0.1226691 0.0116283 0.1370204 0.0355482 0.0488152 0.0616289 0.1811756 0.1226194 0.0174826 0.0175367 0.0618276 0.1156946 0.3145634 0.3608971 0.1809729 0.2163673 0.2243652 0.3427433 0.3770594 0.2079478 0.3336639 0.3597996 0.3056927 0.3770594 0.2856569 0.2001169 0.3339515 0.3517241 0.2423347 0.3335219 0.3518728 0.2763065 0.2755960 0.3234913 0.1885048 0.3495242 0.3550546 0.2163673 0.2963427 0.2848716 0.2079478 0.3234913 0.3598321 0.3145634 0.2243652 0.2042387 0.3865788 0.3517241 0.3458388 0.2580880 0.2671673 0.2324062 0.5529400 0.2159279 0.1742296 0.1816728 0.1782757 0.3107875 0.2905221 0.1891705 0.1789529 0.2557241 0.2383525 0.2999901 0.2235496 0.2513980 0.2461908 0.2472982 0.2059676 0.2511820 0.2713228 0.2334271 0.2384486 0.2632706 0.1969653 0.1657809 0.0425298 0.1159213 0.0355482 0.1585105 0.0745103 0.1585752 0.0879545 0.0488968 0.1296502 0.3608971 0.1809729 0.2163673 0.3427433 0.2079478 0.3336639 0.3056927 0.2856569 0.3517241 0.3335219 0.2042387 
MT-4_1_200 0.2159279 0.0000000 0.0795983 0.0860657 0.0414686 0.1608430 0.1306187 0.0353534 0.0731810 0.1311065 0.0293344 0.1306187 0.0925832 0.0538931 0.1526665 0.1233510 0.1233606 0.0233875 0.1160863 0.0414210 0.0603048 0.1381458 0.0354068 0.0057641 0.1454058 0.0057662 0.1766234 0.0414052 0.1380890 0.1530697 0.0115993 0.0174663 0.0057641 0.1683393 0.1453458 0.1690161 0.1230543 0.0791476 0.1300783 0.0475212 0.1086519 0.0600442 0.0934765 0.0860657 0.0865877 0.1299827 0.1018319 0.0790622 0.0798072 0.1154372 0.1083957 0.1089143 0.0856022 0.0536883 0.0726692 0.0732096 0.0931992 0.1070752 0.1226606 0.0860994 0.0935482 0.0663546 0.1015177 0.0790622 0.0860049 0.2325011 0.1683883 0.1328985 0.1328840 0.1906246 0.2402842 0.2481157 0.2002118 0.0925516 0.1466935 0.1058101 0.1323910 0.1257675 0.1392281 0.1537253 0.2232111 0.1608750 0.1056132 0.0925154 0.0991533 0.1991551 0.1189672 0.2154190 0.1467515 0.1910489 0.1122563 0.1123097 0.1997545 0.1125221 0.2324064 0.1756062 0.1468096 0.0993727 0.1122656 0.2230157 0.1838958 0.1462858 0.1190140 0.1923614 0.2486722 0.0858182 0.1145774 0.1214880 0.2486722 0.2736008 0.1075291 0.2244275 0.2599030 0.1846451 0.2736008 0.1432801 0.1007587 0.2087598 0.2404994 0.1216614 0.2085022 0.2569038 0.1507841 0.1356697 0.2001408 0.0923482 0.2509002 0.2591016 0.1145774 0.1740653 0.1430556 0.1075291 0.2001408 0.2599254 0.1923614 0.1214880 0.1057764 0.2822596 0.2404994 0.2507944 0.1214135 0.1286363 0.1284475 0.3719622 0.0000010 0.0795983 0.0860657 0.0414686 0.1608430 0.1306187 0.0925832 0.0538931 0.1160863 0.0414052 0.1380890 0.0057641 0.1300783 0.0475212 0.0600442 0.0934765 0.1299827 0.0790622 0.1154372 0.0536883 0.0726692 0.0732096 0.0860049 0.1683883 0.1328840 0.2481157 0.0925516 0.1466935 0.1058101 0.1323910 0.1608750 0.1056132 0.2486722 0.0858182 0.1145774 0.2486722 0.1075291 0.2244275 0.1846451 0.1432801 0.2404994 0.2085022 0.1057764 
MT-4_1_70  0.1742296 0.0795983 0.0000000 0.0057577 0.0355169 0.1518735 0.1223562 0.1195352 0.0057599 0.1228034 0.0478520 0.1085300 0.0115596 0.0234454 0.1439209 0.1015613 0.1015690 0.1060999 0.0946068 0.1263791 0.0174670 0.1297048 0.0416174 0.0731524 0.1368118 0.0860994 0.1672559 0.1263290 0.1296521 0.1442910 0.0928312 0.0994192 0.0860657 0.1592047 0.1367562 0.1598205 0.0879024 0.1693360 0.0812564 0.1332263 0.0485364 0.1476360 0.0355320 0.0057577 0.0294086 0.0812005 0.0423007 0.1691011 0.0233698 0.0678440 0.0613381 0.0486397 0.1766190 0.1401796 0.1618898 0.0174258 0.0478526 0.0478515 0.0744789 0.0057599 0.0355570 0.1547964 0.0549419 0.1691011 0.0174715 0.1901401 0.1198134 0.0862199 0.0728276 0.1408581 0.1977479 0.2054109 0.1590342 0.0233952 0.0993336 0.0353942 0.0859289 0.0663583 0.0924328 0.1060083 0.1814197 0.1127837 0.0476785 0.0233863 0.0293693 0.1558506 0.0600672 0.1738436 0.0993727 0.1411438 0.0667632 0.0538694 0.1586931 0.0539585 0.1900614 0.1266768 0.0994119 0.0174388 0.0538486 0.1812645 0.1413085 0.0991027 0.0600904 0.1391399 0.1918598 0.0174385 0.0421904 0.0484304 0.1918598 0.2299288 0.0359492 0.1690649 0.2176171 0.1319116 0.2299288 0.0943278 0.0298290 0.1543148 0.1841759 0.0613448 0.1541277 0.1996054 0.1012576 0.0873794 0.1464306 0.0233505 0.2091446 0.2012677 0.0421904 0.1226872 0.0942084 0.0359492 0.1464306 0.2176354 0.1391399 0.0484304 0.0353832 0.2381951 0.1841759 0.1934527 0.0741011 0.0807807 0.0547208 0.3019300 0.0795983 0.0000010 0.0057577 0.0355169 0.1518735 0.1223562 0.0115596 0.0234454 0.0946068 0.1263290 0.1296521 0.0860657 0.0812564 0.1332263 0.1476360 0.0355320 0.0812005 0.1691011 0.0678440 0.1401796 0.1618898 0.0174258 0.0174715 0.1198134 0.0728276 0.2054109 0.0233952 0.0993336 0.0353942 0.0859289 0.1127837 0.0476785 0.1918598 0.0174385 0.0421904 0.1918598 0.0359492 0.1690649 0.1319116 0.0943278 0.1841759 0.1541277 0.0353832 
MT-4_2_40  0.1816728 0.0860657 0.0057577 0.0000000 0.0416014 0.1591393 0.1293288 0.1263290 0.0115640 0.1298056 0.0540491 0.1153912 0.0057555 0.0294221 0.1510846 0.1083551 0.1083634 0.1127921 0.1013289 0.1332263 0.0233799 0.1367562 0.0477521 0.0795672 0.1439209 0.0926196 0.1746822 0.1331735 0.1367006 0.1514779 0.0994192 0.1060580 0.0925832 0.1665291 0.1438623 0.1671868 0.0945689 0.1765483 0.0878673 0.1401240 0.0548211 0.1546709 0.0416181 0.0115596 0.0354283 0.0878064 0.0485364 0.1762983 0.0293250 0.0743122 0.0677455 0.0549392 0.1838841 0.1471304 0.1690335 0.0233236 0.0540495 0.0540471 0.0810162 0.0115640 0.0416475 0.1618898 0.0612929 0.1762983 0.0115980 0.1977479 0.1266265 0.0927514 0.0664712 0.1478510 0.2054109 0.2131298 0.1663403 0.0174715 0.0927150 0.0293693 0.0794436 0.0600672 0.0858954 0.0993336 0.1889018 0.1195262 0.0415397 0.0174649 0.0233952 0.1629990 0.0538278 0.1812645 0.0927514 0.1481551 0.0731238 0.0476785 0.1659785 0.0477563 0.1976660 0.1335439 0.1060501 0.0115768 0.0476602 0.1887393 0.1483282 0.1057136 0.0538486 0.1319116 0.1841759 0.0115764 0.0360070 0.0421934 0.1841759 0.2217262 0.0298290 0.1615649 0.2096521 0.1247455 0.2217262 0.0876462 0.0237608 0.1469312 0.1765541 0.0549671 0.1467535 0.1918598 0.0945028 0.0807807 0.1391399 0.0174385 0.2012677 0.1934527 0.0360070 0.1156981 0.0875385 0.0298290 0.1391399 0.2096696 0.1319116 0.0421934 0.0293601 0.2299288 0.1765541 0.1857001 0.0676286 0.0742373 0.0484304 0.2931866 0.0860657 0.0057577 0.0000010 0.0416014 0.1591393 0.1293288 0.0057555 0.0294221 0.1013289 0.1331735 0.1367006 0.0925832 0.0878673 0.1401240 0.1546709 0.0416181 0.0878064 0.1762983 0.0743122 0.1471304 0.1690335 0.0233236 0.0115980 0.1266265 0.0664712 0.2131298 0.0174715 0.0927150 0.0293693 0.0794436 0.1195262 0.0415397 0.1841759 0.0115764 0.0360070 0.1841759 0.0298290 0.1615649 0.1247455 0.0876462 0.1765541 0.1467535 0.0293601 
MT-4_1_150 0.1782757 0.0414686 0.0355169 0.0416014 0.0000000 0.1526035 0.1228956 0.0790578 0.0294801 0.1233474 0.0115846 0.1089907 0.0477337 0.0115889 0.1445947 0.1019835 0.1019913 0.0663774 0.0949917 0.0855028 0.0174993 0.1302896 0.0057589 0.0353932 0.1374406 0.0475951 0.1680970 0.0854696 0.1302364 0.1449692 0.0538656 0.0600853 0.0475768 0.1599847 0.1373844 0.1606087 0.0882533 0.1257411 0.0949535 0.0919649 0.0746708 0.1053915 0.0606996 0.0416014 0.0542371 0.0948868 0.0681649 0.1255863 0.0478705 0.0811796 0.0745154 0.0748393 0.1325925 0.0985131 0.1188000 0.0416334 0.0605362 0.0736038 0.0879881 0.0416174 0.0607449 0.1121117 0.0679746 0.1255863 0.0415790 0.1940177 0.1331614 0.0991159 0.0991071 0.1544839 0.2015304 0.2090961 0.1632463 0.0477254 0.1123918 0.0601772 0.0987704 0.0923414 0.1053537 0.1191514 0.1853731 0.1260159 0.0729727 0.0477070 0.0539244 0.1624868 0.0858119 0.1778838 0.1124361 0.1548047 0.0793716 0.0793987 0.1628989 0.0795384 0.1939386 0.1401072 0.1124803 0.0540243 0.0793677 0.1852163 0.1478823 0.1121176 0.0858454 0.1693895 0.2243145 0.0414964 0.0676558 0.0741369 0.2243145 0.2479726 0.0611308 0.2006167 0.2350379 0.1618651 0.2479726 0.1220669 0.0547777 0.1852989 0.2163249 0.0876904 0.1850712 0.2323668 0.1293339 0.1147363 0.1769778 0.0476294 0.2263084 0.2343391 0.0676558 0.1518517 0.1218919 0.0611308 0.1769778 0.2350579 0.1693895 0.0741369 0.0601583 0.2564446 0.2163249 0.2262128 0.1008824 0.1078788 0.0806701 0.3253623 0.0414686 0.0355169 0.0416014 0.0000010 0.1526035 0.1228956 0.0477337 0.0115889 0.0949917 0.0854696 0.1302364 0.0475768 0.0949535 0.0919649 0.1053915 0.0606996 0.0948868 0.1255863 0.0811796 0.0985131 0.1188000 0.0416334 0.0415790 0.1331614 0.0991071 0.2090961 0.0477254 0.1123918 0.0601772 0.0987704 0.1260159 0.0729727 0.2243145 0.0414964 0.0676558 0.2243145 0.0611308 0.2006167 0.1618651 0.1220669 0.2163249 0.1850712 0.0601583 
MT-4_2_570 0.3107875 0.1608430 0.1518735 0.1591393 0.1526035 0.0000000 0.0354955 0.2070419 0.1446634 0.0175202 0.1530064 0.0354955 0.1664607 0.1531562 0.0175077 0.0355205 0.0355205 0.1915981 0.0416888 0.1992912 0.1452594 0.0175077 0.1453458 0.1534117 0.0116266 0.1683393 0.0116189 0.2148494 0.0294072 0.0057800 0.1763129 0.1838862 0.1682693 0.0057716 0.0234345 0.0057847 0.0478318 0.2268411 0.0540234 0.2070419 0.1102292 0.2079172 0.1083938 0.1591393 0.1156715 0.0603463 0.1172440 0.2228532 0.1230721 0.0733000 0.0733491 0.1100140 0.2350292 0.1992912 0.2148948 0.1304109 0.0945403 0.0946118 0.0667840 0.1446634 0.1014416 0.2070850 0.0864217 0.2228532 0.1589676 0.3054527 0.2543510 0.2307113 0.2127934 0.2633763 0.3141832 0.3229634 0.2924873 0.1663426 0.2467193 0.1664109 0.2295265 0.2045297 0.2374395 0.2549091 0.3091326 0.2632666 0.1817718 0.1662745 0.1737781 0.2903211 0.1968345 0.3098817 0.2468223 0.2807030 0.2062897 0.1893543 0.2916615 0.1897891 0.3053224 0.2462906 0.2469253 0.1742956 0.1892763 0.3185272 0.2726458 0.2457096 0.1969156 0.2822987 0.3077383 0.1585619 0.1926100 0.2004183 0.3077383 0.3365344 0.1844559 0.2989381 0.3205142 0.2736328 0.3182031 0.2247633 0.1768136 0.2818637 0.2989381 0.2177422 0.2815034 0.2990656 0.2334213 0.2339344 0.2910238 0.1659127 0.3106108 0.3017243 0.1926100 0.2424538 0.2427533 0.1844559 0.2910238 0.3205430 0.2822987 0.2004183 0.1812140 0.3274150 0.2989381 0.3104777 0.2171866 0.2258069 0.2082729 0.4858228 0.1608430 0.1518735 0.1591393 0.1526035 0.0000010 0.0354955 0.1664607 0.1531562 0.0416888 0.2148494 0.0294072 0.1682693 0.0540234 0.2070419 0.2079172 0.1083938 0.0603463 0.2228532 0.0733000 0.1992912 0.2148948 0.1304109 0.1589676 0.2543510 0.2127934 0.3229634 0.1663426 0.2467193 0.1664109 0.2295265 0.2632666 0.1817718 0.3077383 0.1585619 0.1926100 0.3077383 0.1844559 0.2989381 0.2736328 0.2247633 0.2989381 0.2815034 0.1812140 
MT-4_2_430 0.2905221 0.1306187 0.1223562 0.1293288 0.1228956 0.0354955 0.0000000 0.1747931 0.1154379 0.0116071 0.1232010 0.0115721 0.1363556 0.1233021 0.0174656 0.0115799 0.0174710 0.1599847 0.0174710 0.1823580 0.1158737 0.0174656 0.1159374 0.1235082 0.0233865 0.1377922 0.0478608 0.1822826 0.0057727 0.0294051 0.1453458 0.1526035 0.1377356 0.0415894 0.0115945 0.0416968 0.0233848 0.2247929 0.0293442 0.1899071 0.0822674 0.2061128 0.0809261 0.1293288 0.0878042 0.0353963 0.0889917 0.2208861 0.0947927 0.0477542 0.0477848 0.0821173 0.2328817 0.1975939 0.2130208 0.1017638 0.0677119 0.0677555 0.0415386 0.1154379 0.0742912 0.2053012 0.0603099 0.2208861 0.1292100 0.2905171 0.2360398 0.2129592 0.1957184 0.2609134 0.2989924 0.3075160 0.2727745 0.1362808 0.2285572 0.1506003 0.2119214 0.1877128 0.2196357 0.2365333 0.2984308 0.2446686 0.1655267 0.1362257 0.1434110 0.2708885 0.1802140 0.2897116 0.2286518 0.2615976 0.1892583 0.1729145 0.2720368 0.1732957 0.2903950 0.2440486 0.2287465 0.1437925 0.1728440 0.2981400 0.2537289 0.2276821 0.1802876 0.2458697 0.2874177 0.1288993 0.1609057 0.1683865 0.2874177 0.3148082 0.1531715 0.2619755 0.2996362 0.2375552 0.3148082 0.1916319 0.1458487 0.2455348 0.2788434 0.1847137 0.2452244 0.2960462 0.1998425 0.2002295 0.2542462 0.1359490 0.2900601 0.2986453 0.1609057 0.2083553 0.2085845 0.1531715 0.2542462 0.2996627 0.2458697 0.1683865 0.1505510 0.3238831 0.2788434 0.2899367 0.1842742 0.1924400 0.1759161 0.4626843 0.1306187 0.1223562 0.1293288 0.1228956 0.0354955 0.0000010 0.1363556 0.1233021 0.0174710 0.1822826 0.0057727 0.1377356 0.0293442 0.1899071 0.2061128 0.0809261 0.0353963 0.2208861 0.0477542 0.1975939 0.2130208 0.1017638 0.1292100 0.2360398 0.1957184 0.3075160 0.1362808 0.2285572 0.1506003 0.2119214 0.2446686 0.1655267 0.2874177 0.1288993 0.1609057 0.2874177 0.1531715 0.2619755 0.2375552 0.1916319 0.2788434 0.2452244 0.1505510 
MT-4_1_360 0.2306606 0.0353534 0.1195352 0.1263290 0.0790578 0.2070419 0.1747931 0.0000000 0.1127921 0.1754852 0.0662393 0.1747931 0.1331735 0.0922335 0.1981558 0.1670520 0.1670654 0.0115777 0.1592837 0.0174334 0.0991115 0.1828640 0.0726938 0.0414052 0.1905195 0.0293476 0.2239462 0.0057623 0.1827881 0.1987215 0.0233429 0.0174334 0.0414052 0.2149393 0.1904404 0.2159270 0.1666172 0.0414966 0.1740067 0.0115733 0.1512465 0.0233898 0.1345923 0.1263290 0.1271697 0.1738724 0.1440661 0.0414565 0.1198700 0.1583253 0.1508355 0.1516412 0.0476283 0.0174334 0.0353829 0.1128367 0.1341438 0.1490105 0.1660450 0.1263791 0.1347005 0.0293714 0.1435657 0.0414565 0.1262174 0.2474944 0.1823352 0.1604131 0.1754429 0.2048469 0.2553462 0.2632442 0.2147401 0.1331042 0.1745646 0.1470439 0.1597584 0.1678768 0.1667692 0.1817823 0.2379815 0.1747026 0.1467454 0.1330515 0.1400464 0.2135553 0.1607396 0.2301045 0.1746336 0.2053133 0.1391159 0.1537791 0.2142382 0.1540964 0.2473941 0.1896327 0.1604765 0.1404062 0.1537183 0.2377703 0.1980986 0.1598841 0.1608033 0.2128954 0.2698781 0.1259222 0.1570020 0.1642727 0.2698781 0.2956909 0.1494906 0.2453918 0.2814486 0.2050848 0.2956909 0.1875063 0.1423672 0.2295693 0.2616249 0.1645526 0.2292872 0.2781877 0.1955115 0.1792837 0.2207671 0.1327891 0.2722895 0.2805618 0.1570020 0.2125703 0.1871560 0.1494906 0.2207671 0.2814728 0.2128954 0.1642727 0.1469968 0.3044273 0.2616249 0.2721759 0.1641868 0.1718892 0.1715884 0.4308553 0.0353534 0.1195352 0.1263290 0.0790578 0.2070419 0.1747931 0.1331735 0.0922335 0.1592837 0.0057623 0.1827881 0.0414052 0.1740067 0.0115733 0.0233898 0.1345923 0.1738724 0.0414565 0.1583253 0.0174334 0.0353829 0.1128367 0.1262174 0.1823352 0.1754429 0.2632442 0.1331042 0.1745646 0.1470439 0.1597584 0.1747026 0.1467454 0.2698781 0.1259222 0.1570020 0.2698781 0.1494906 0.2453918 0.2050848 0.1875063 0.2616249 0.2292872 0.1469968 
MT-4_1_90  0.1817476 0.0731810 0.0057599 0.0115640 0.0294801 0.1446634 0.1154379 0.1127921 0.0000000 0.1158561 0.0417035 0.1017228 0.0174126 0.0175151 0.1368118 0.0948211 0.0948282 0.0994584 0.0879376 0.1195825 0.0115996 0.1227082 0.0355306 0.0667875 0.1297575 0.0796295 0.1598865 0.1195352 0.1226585 0.1371595 0.0862939 0.0928312 0.0795983 0.1519358 0.1297048 0.1525113 0.0812888 0.1621759 0.0746980 0.1263791 0.0423007 0.1406524 0.0294933 0.0115640 0.0234352 0.0746464 0.0361138 0.1619544 0.0174599 0.0614268 0.0549821 0.0423896 0.1694039 0.1332791 0.1547964 0.0115727 0.0417041 0.0417041 0.0679944 0.0115684 0.0295139 0.1477551 0.0486409 0.1619544 0.0233952 0.1978299 0.1266768 0.0927879 0.0792375 0.1479101 0.2054961 0.2132181 0.1664085 0.0293693 0.1060083 0.0414703 0.0924690 0.0727022 0.0990250 0.1127392 0.1889795 0.1195735 0.0538694 0.0293581 0.0353942 0.1630647 0.0663583 0.1813390 0.1060501 0.1482145 0.0731523 0.0601136 0.1660464 0.0602145 0.1977479 0.1335970 0.1060920 0.0233504 0.0600904 0.1888168 0.1483877 0.1057552 0.0663840 0.1464306 0.1996054 0.0233505 0.0484269 0.0547208 0.1996054 0.2381951 0.0421217 0.1766275 0.2256444 0.1391399 0.2381951 0.1010672 0.0359492 0.1617614 0.1918598 0.0677779 0.1615649 0.2074121 0.1080709 0.0940346 0.1537836 0.0293125 0.2170826 0.2091446 0.0484269 0.1297373 0.1009354 0.0421217 0.1537836 0.2256634 0.1464306 0.0547208 0.0414573 0.2465239 0.1918598 0.2012677 0.0806304 0.0873794 0.0610648 0.3107348 0.0731810 0.0057599 0.0115640 0.0294801 0.1446634 0.1154379 0.0174126 0.0175151 0.0879376 0.1195352 0.1226585 0.0795983 0.0746980 0.1263791 0.1406524 0.0294933 0.0746464 0.1619544 0.0614268 0.1332791 0.1547964 0.0115727 0.0233952 0.1266768 0.0792375 0.2132181 0.0293693 0.1060083 0.0414703 0.0924690 0.1195735 0.0538694 0.1996054 0.0233505 0.0484269 0.1996054 0.0421217 0.1766275 0.1391399 0.1010672 0.1918598 0.1615649 0.0414573 
MT-4_2_520 0.2918561 0.1311065 0.1228034 0.1298056 0.1233474 0.0175202 0.0116071 0.1754852 0.1158561 0.0000000 0.1236554 0.0116071 0.1368628 0.1237575 0.0115898 0.0116150 0.0175244 0.1606070 0.0175244 0.1754852 0.1162956 0.0000010 0.1163598 0.1239651 0.0057727 0.1383117 0.0295238 0.1830108 0.0057705 0.0116123 0.1459007 0.1531914 0.1382548 0.0234603 0.0057705 0.0235172 0.0234570 0.2176840 0.0294355 0.1830108 0.0825540 0.1991303 0.0812034 0.1298056 0.0881090 0.0355075 0.0893055 0.2139030 0.0951262 0.0479073 0.0479380 0.0824028 0.2257527 0.1906727 0.2060584 0.1021260 0.0679390 0.0679829 0.0416704 0.1158561 0.0745432 0.1983584 0.0605082 0.2139030 0.1296857 0.2918529 0.2370391 0.2138410 0.1965042 0.2538555 0.3003773 0.3089515 0.2739999 0.1367871 0.2295196 0.1511700 0.2127922 0.1884564 0.2205457 0.2375380 0.2998067 0.2457172 0.1661661 0.1367315 0.1439486 0.2720898 0.1809219 0.2910355 0.2296150 0.2627419 0.1900179 0.1735884 0.2732537 0.1739732 0.2917298 0.2370391 0.2297105 0.1443338 0.1735173 0.2995129 0.2548308 0.2286344 0.1809960 0.2469601 0.2801180 0.1293724 0.1615336 0.1690497 0.2801180 0.3163435 0.1537620 0.2631535 0.3010485 0.2385994 0.3072668 0.1924102 0.1464058 0.2466213 0.2715505 0.1854619 0.2463075 0.2887422 0.2006642 0.2010555 0.2553849 0.1364525 0.2914106 0.2912860 0.1615336 0.2092237 0.2094559 0.1537620 0.2553849 0.3010753 0.2469601 0.1690497 0.1511203 0.3163435 0.2715505 0.2912860 0.1850181 0.1932267 0.1766153 0.4653896 0.1311065 0.1228034 0.1298056 0.1233474 0.0175202 0.0116071 0.1368628 0.1237575 0.0175244 0.1830108 0.0057705 0.1382548 0.0294355 0.1830108 0.1991303 0.0812034 0.0355075 0.2139030 0.0479073 0.1906727 0.2060584 0.1021260 0.1296857 0.2370391 0.1965042 0.3089515 0.1367871 0.2295196 0.1511700 0.2127922 0.2457172 0.1661661 0.2801180 0.1293724 0.1615336 0.2801180 0.1537620 0.2631535 0.2385994 0.1924102 0.2715505 0.2463075 0.1511203 
MT-4_1_180 0.1778838 0.0293344 0.0478520 0.0540491 0.0115846 0.1530064 0.1232010 0.0662393 0.0417035 0.1236554 0.0000000 0.1092548 0.0602948 0.0234135 0.1449692 0.1022272 0.1022350 0.0537768 0.0952152 0.0725688 0.0294659 0.1306187 0.0057700 0.0233681 0.1377922 0.0353510 0.1685551 0.0725408 0.1305651 0.1453458 0.0414874 0.0475984 0.0353375 0.1604125 0.1377356 0.1610408 0.0884584 0.1120338 0.0951768 0.0789200 0.0748393 0.0920675 0.0608310 0.0540491 0.0543527 0.0951098 0.0683168 0.1119011 0.0479709 0.0813639 0.0746831 0.0750086 0.1187635 0.0853517 0.1052355 0.0417195 0.0606668 0.0737673 0.0881919 0.0540700 0.0608754 0.0986620 0.0681256 0.1119011 0.0540176 0.1935758 0.1328985 0.0989342 0.0989254 0.1541647 0.2010650 0.2086066 0.1628989 0.0602817 0.1121800 0.0729727 0.0985901 0.0921750 0.1051588 0.1189235 0.1849610 0.1257713 0.0728466 0.0602593 0.0666007 0.1621436 0.0856595 0.1774941 0.1122240 0.1544839 0.0792326 0.0792595 0.1625532 0.0793987 0.1934972 0.1398266 0.1122681 0.0667306 0.0792287 0.1848050 0.1475798 0.1119070 0.0856928 0.1698536 0.2249876 0.0539074 0.0808146 0.0874233 0.2249876 0.2487659 0.0741369 0.2011969 0.2357620 0.1623030 0.2487659 0.1223676 0.0676607 0.1858222 0.2169660 0.1013184 0.1855931 0.2330723 0.1296574 0.1150141 0.1774689 0.0601583 0.2269948 0.2350579 0.0808146 0.1522500 0.1221914 0.0741369 0.1774689 0.2357822 0.1698536 0.0874233 0.0729495 0.2572742 0.2169660 0.2268985 0.1011201 0.1081368 0.0940827 0.3449960 0.0293344 0.0478520 0.0540491 0.0115846 0.1530064 0.1232010 0.0602948 0.0234135 0.0952152 0.0725408 0.1305651 0.0353375 0.0951768 0.0789200 0.0920675 0.0608310 0.0951098 0.1119011 0.0813639 0.0853517 0.1052355 0.0417195 0.0540176 0.1328985 0.0989254 0.2086066 0.0602817 0.1121800 0.0729727 0.0985901 0.1257713 0.0728466 0.2249876 0.0539074 0.0808146 0.2249876 0.0741369 0.2011969 0.1623030 0.1223676 0.2169660 0.1855931 0.0729495 
MT-4_2_420 0.2736327 0.1306187 0.1085300 0.1153912 0.1089907 0.0354955 0.0115721 0.1747931 0.1017228 0.0116071 0.1092548 0.0000000 0.1223067 0.1093374 0.0293462 0.0000010 0.0057766 0.1599847 0.0057766 0.1823580 0.1020925 0.0174656 0.1021467 0.1235082 0.0233865 0.1377922 0.0478608 0.1822826 0.0174590 0.0294051 0.1453458 0.1526035 0.1377356 0.0415894 0.0233776 0.0416968 0.0115980 0.2247929 0.0174643 0.1899071 0.0690202 0.2061128 0.0679004 0.1153912 0.0746192 0.0234061 0.0756315 0.2208861 0.0814439 0.0355220 0.0355445 0.0688980 0.2328817 0.1975939 0.2130208 0.0882706 0.0549409 0.0549736 0.0294285 0.1017228 0.0613912 0.2053012 0.0478507 0.2208861 0.1152929 0.2736075 0.2202861 0.1974959 0.1806906 0.2447698 0.2819754 0.2903950 0.2561799 0.1222479 0.2128711 0.1363361 0.1965690 0.1728440 0.2041754 0.2207315 0.2814853 0.2287465 0.1509904 0.1221985 0.1292623 0.2544949 0.1654593 0.2728889 0.2129592 0.2453945 0.1742243 0.1582626 0.2555060 0.1586016 0.2734923 0.2281825 0.2130474 0.1295894 0.1581981 0.2812142 0.2376168 0.2120960 0.1655267 0.2294018 0.2704398 0.1150224 0.1462176 0.1535762 0.2704398 0.2969525 0.1386445 0.2453288 0.2823156 0.2212110 0.2969525 0.1764110 0.1314419 0.2291053 0.2619755 0.1695232 0.2288168 0.2789616 0.1844531 0.1847910 0.2376568 0.1219575 0.2729180 0.2814026 0.1462176 0.1927715 0.1929725 0.1386445 0.2376568 0.2823406 0.2294018 0.1535762 0.1362914 0.3059203 0.2619755 0.2728014 0.1691313 0.1771251 0.1609853 0.4421097 0.1306187 0.1085300 0.1153912 0.1089907 0.0354955 0.0115721 0.1223067 0.1093374 0.0057766 0.1822826 0.0174590 0.1377356 0.0174643 0.1899071 0.2061128 0.0679004 0.0234061 0.2208861 0.0355220 0.1975939 0.2130208 0.0882706 0.1152929 0.2202861 0.1806906 0.2903950 0.1222479 0.2128711 0.1363361 0.1965690 0.2287465 0.1509904 0.2704398 0.1150224 0.1462176 0.2704398 0.1386445 0.2453288 0.2212110 0.1764110 0.2619755 0.2288168 0.1362914 
MT-4_1_10  0.1891705 0.0925832 0.0115596 0.0057555 0.0477337 0.1664607 0.1363556 0.1331735 0.0174126 0.1368628 0.0602948 0.1223067 0.0000000 0.0354455 0.1583028 0.1152027 0.1152115 0.1195352 0.1081042 0.1401240 0.0293384 0.1438623 0.0539349 0.0860320 0.1510846 0.0991899 0.1821652 0.1400684 0.1438037 0.1587198 0.1060580 0.1127476 0.0991509 0.1739087 0.1510231 0.1746101 0.1012883 0.1838105 0.0945310 0.1470720 0.0611552 0.1617568 0.0477516 0.0057555 0.0414945 0.0944650 0.0548211 0.1835457 0.0353258 0.0808328 0.0742029 0.0612884 0.1911994 0.1541313 0.1762278 0.0292664 0.0602951 0.0602909 0.0876047 0.0174126 0.0477856 0.1690335 0.0676943 0.1835457 0.0174649 0.2054109 0.1334908 0.0993336 0.0727994 0.1548951 0.2131298 0.2209023 0.1737010 0.0233863 0.0992945 0.0353807 0.0858954 0.0663326 0.0923966 0.1059665 0.1964386 0.1263195 0.0476602 0.0115936 0.0293581 0.1702003 0.0600440 0.1887393 0.0993336 0.1552182 0.0795338 0.0538486 0.1733178 0.0539377 0.2053259 0.1404620 0.1127392 0.0057640 0.0538278 0.1962674 0.1553997 0.1123742 0.0600672 0.1247455 0.1765541 0.0057637 0.0298762 0.0360095 0.1765541 0.2135882 0.0237608 0.1541277 0.2017490 0.1176414 0.2135882 0.0810222 0.0177442 0.1396108 0.1689946 0.0486444 0.1394423 0.1841759 0.0878064 0.0742373 0.1319116 0.0115764 0.1934527 0.1857001 0.0298762 0.1087698 0.0809256 0.0237608 0.1319116 0.2017658 0.1247455 0.0360095 0.0233879 0.2217262 0.1689946 0.1780104 0.0612113 0.0677511 0.0421934 0.2845069 0.0925832 0.0115596 0.0057555 0.0477337 0.1664607 0.1363556 0.0000010 0.0354455 0.1081042 0.1400684 0.1438037 0.0991509 0.0945310 0.1470720 0.1617568 0.0477516 0.0944650 0.1835457 0.0808328 0.1541313 0.1762278 0.0292664 0.0174649 0.1334908 0.0727994 0.2209023 0.0233863 0.0992945 0.0353807 0.0858954 0.1263195 0.0476602 0.1765541 0.0057637 0.0298762 0.1765541 0.0237608 0.1541277 0.1176414 0.0810222 0.1689946 0.1394423 0.0233879 
MT-4_1_110 0.1789529 0.0538931 0.0234454 0.0294221 0.0115889 0.1531562 0.1233021 0.0922335 0.0175151 0.1237575 0.0234135 0.1093374 0.0354455 0.0000000 0.1451042 0.1023011 0.1023089 0.0793114 0.0952810 0.0988062 0.0057771 0.1307309 0.0174575 0.0476992 0.1379155 0.0601405 0.1687355 0.0987675 0.1306773 0.1454819 0.0665579 0.0728950 0.0601173 0.1605761 0.1378588 0.1612064 0.0885170 0.1399095 0.0952425 0.1053915 0.0615716 0.1191294 0.0480603 0.0294221 0.0417573 0.0951754 0.0551880 0.1397300 0.0355451 0.0814151 0.0747280 0.0617068 0.1468987 0.1120694 0.1328079 0.0294446 0.0606996 0.0606952 0.0882500 0.0294334 0.0480948 0.1259902 0.0681649 0.1397300 0.0416844 0.1947901 0.1336016 0.0994134 0.0994045 0.1550262 0.2023484 0.2099614 0.1638403 0.0478486 0.1127417 0.0603373 0.0990653 0.0926127 0.1056741 0.1195294 0.1860890 0.1264234 0.0731757 0.0478301 0.0540661 0.1630731 0.0860594 0.1785571 0.1127863 0.1553499 0.0795964 0.0796237 0.1634896 0.0797643 0.1947103 0.1405792 0.1128308 0.0415985 0.0795925 0.1859306 0.1483941 0.1124652 0.0860931 0.1700373 0.2253087 0.0416014 0.0678440 0.0743471 0.2253087 0.2491739 0.0612974 0.2014530 0.2361197 0.1624716 0.2491739 0.1224669 0.0549242 0.1860414 0.2172641 0.0879501 0.1858115 0.2334178 0.1297673 0.1151030 0.1776687 0.0477521 0.2273244 0.2354121 0.0678440 0.1523977 0.1222902 0.0612974 0.1776687 0.2361400 0.1700373 0.0743471 0.0603182 0.2577126 0.2172641 0.2272278 0.1011918 0.1082171 0.0809030 0.3237108 0.0538931 0.0234454 0.0294221 0.0115889 0.1531562 0.1233021 0.0354455 0.0000010 0.0952810 0.0987675 0.1306773 0.0601173 0.0952425 0.1053915 0.1191294 0.0480603 0.0951754 0.1397300 0.0814151 0.1120694 0.1328079 0.0294446 0.0416844 0.1336016 0.0994045 0.2099614 0.0478486 0.1127417 0.0603373 0.0990653 0.1264234 0.0731757 0.2253087 0.0416014 0.0678440 0.2253087 0.0612974 0.2014530 0.1624716 0.1224669 0.2172641 0.1858115 0.0603182 
MT-4_2_540 0.3001162 0.1526665 0.1439209 0.1510846 0.1445947 0.0175077 0.0174656 0.1981558 0.1368118 0.0115898 0.1449692 0.0293462 0.1583028 0.1451042 0.0000000 0.0293666 0.0354482 0.1829400 0.0354482 0.1905195 0.1373608 0.0115816 0.1374406 0.1453458 0.0057686 0.1600508 0.0295025 0.2058481 0.0115772 0.0116040 0.1678829 0.1753447 0.1599847 0.0234435 0.0057664 0.0235003 0.0415172 0.2175051 0.0476327 0.1981558 0.1028211 0.1989692 0.1011237 0.1510846 0.1082727 0.0538699 0.1097382 0.2137298 0.1155402 0.0666344 0.0666785 0.1026245 0.2255659 0.1905195 0.2058919 0.1227581 0.0874795 0.0875429 0.0602140 0.1368118 0.0942757 0.1981977 0.0795730 0.2137298 0.1509289 0.3001246 0.2447903 0.2214735 0.2039337 0.2536484 0.3086913 0.3173061 0.2821340 0.1581981 0.2372463 0.1582626 0.2203681 0.1958143 0.2281672 0.2453134 0.3080840 0.2535433 0.1733805 0.1581337 0.1655267 0.2801212 0.1882305 0.2992622 0.2373448 0.2706890 0.1974596 0.1808531 0.2813563 0.1812592 0.2999983 0.2368468 0.2374433 0.1660033 0.1807791 0.3077803 0.2627419 0.2363097 0.1883076 0.2719540 0.2970440 0.1505510 0.1839267 0.1916183 0.2970440 0.3250495 0.1759161 0.2883758 0.3095056 0.2634221 0.3069983 0.2155725 0.1683865 0.2715505 0.2883758 0.2086019 0.2712059 0.2884982 0.2240735 0.2245474 0.2805450 0.1577970 0.2997905 0.2910379 0.1839267 0.2329255 0.2332031 0.1759161 0.2805450 0.3095332 0.2719540 0.1916183 0.1728578 0.3160669 0.2883758 0.2996627 0.2080816 0.2165437 0.1993561 0.4961086 0.1526665 0.1439209 0.1510846 0.1445947 0.0175077 0.0174656 0.1583028 0.1451042 0.0354482 0.2058481 0.0115772 0.1599847 0.0476327 0.1981558 0.1989692 0.1011237 0.0538699 0.2137298 0.0666344 0.1905195 0.2058919 0.1227581 0.1509289 0.2447903 0.2039337 0.3173061 0.1581981 0.2372463 0.1582626 0.2203681 0.2535433 0.1733805 0.2970440 0.1505510 0.1839267 0.2970440 0.1759161 0.2883758 0.2634221 0.2155725 0.2883758 0.2712059 0.1728578 
MT-4_2_410 0.2647327 0.1233510 0.1015613 0.1083551 0.1019835 0.0355205 0.0115799 0.1670520 0.0948211 0.0116150 0.1022272 0.0000010 0.1152027 0.1023011 0.0293666 0.0000000 0.0000010 0.1523932 0.0000010 0.1745384 0.0951585 0.0174776 0.0952080 0.1163153 0.0234026 0.1304492 0.0478949 0.1744664 0.0174710 0.0294256 0.1379058 0.1450896 0.1303959 0.0416188 0.0233937 0.0417264 0.0057695 0.2164141 0.0115835 0.1820121 0.0623998 0.1980109 0.0613912 0.1083551 0.0680224 0.0174643 0.0689451 0.2126815 0.0747576 0.0294470 0.0294654 0.0622911 0.2244198 0.1896199 0.2048951 0.0815010 0.0485747 0.0486024 0.0234207 0.0948211 0.0549532 0.1972508 0.0416479 0.2126815 0.1082664 0.2646986 0.2121119 0.1895261 0.1729762 0.2363318 0.2729855 0.2813267 0.2474832 0.1151511 0.2047507 0.1290972 0.1886558 0.1652269 0.1961893 0.2125323 0.2725322 0.2204650 0.1435867 0.1151047 0.1220947 0.2459022 0.1579156 0.2640255 0.2048353 0.2369249 0.1665230 0.1507858 0.2468434 0.1511034 0.2645873 0.2199305 0.2049200 0.1223953 0.1507245 0.2722718 0.2292149 0.2040263 0.1579799 0.2208402 0.2614982 0.1080160 0.1387483 0.1460305 0.2614982 0.2874736 0.1312704 0.2366310 0.2731601 0.2127344 0.2874736 0.1686100 0.1241418 0.2205634 0.2531160 0.1617547 0.2202867 0.2699387 0.1765492 0.1768629 0.2290101 0.1148814 0.2638834 0.2722897 0.1387483 0.1847509 0.1849379 0.1312704 0.2290101 0.2731840 0.2208402 0.1460305 0.1290550 0.2963553 0.2531160 0.2637707 0.1613870 0.1692769 0.1533635 0.4426390 0.1233510 0.1015613 0.1083551 0.1019835 0.0355205 0.0115799 0.1152027 0.1023011 0.0000010 0.1744664 0.0174710 0.1303959 0.0115835 0.1820121 0.1980109 0.0613912 0.0174643 0.2126815 0.0294470 0.1896199 0.2048951 0.0815010 0.1082664 0.2121119 0.1729762 0.2813267 0.1151511 0.2047507 0.1290972 0.1886558 0.2204650 0.1435867 0.2614982 0.1080160 0.1387483 0.2614982 0.1312704 0.2366310 0.2127344 0.1686100 0.2531160 0.2202867 0.1290550 
MT-4_2_400 0.2647555 0.1233606 0.1015690 0.1083634 0.1019913 0.0355205 0.0174710 0.1670654 0.0948282 0.0175244 0.1022350 0.0057766 0.1152115 0.1023089 0.0354482 0.0000010 0.0000000 0.1524054 0.0000010 0.1745525 0.0951657 0.0234402 0.0952152 0.1163243 0.0294256 0.1304594 0.0478949 0.1744805 0.0234313 0.0355205 0.1379166 0.1451011 0.1304060 0.0416188 0.0294144 0.0417264 0.0057699 0.2164313 0.0115842 0.1820268 0.0624044 0.1980272 0.0613957 0.1083634 0.0680274 0.0174655 0.0689502 0.2126990 0.0747631 0.0294490 0.0294675 0.0622957 0.2244386 0.1896353 0.2049119 0.0815071 0.0485782 0.0486059 0.0234223 0.0948282 0.0549572 0.1972669 0.0416508 0.2126990 0.1082746 0.2550751 0.2121293 0.1895415 0.1729900 0.2363514 0.2632357 0.2714488 0.2475043 0.1151599 0.2047674 0.1291072 0.1886710 0.1652399 0.1962052 0.2125497 0.2722952 0.2204832 0.1435979 0.1151135 0.1221041 0.2459229 0.1579281 0.2640481 0.2048521 0.2369447 0.1665363 0.1507976 0.2468643 0.1511153 0.2549685 0.2199486 0.2049368 0.1224048 0.1507364 0.2722952 0.2292340 0.2040429 0.1579923 0.2208590 0.2615208 0.1080242 0.1387593 0.1460421 0.2615208 0.2874995 0.1312807 0.2366513 0.2731840 0.2127525 0.2874995 0.1686237 0.1241515 0.2205822 0.2531378 0.1617677 0.2203055 0.2699621 0.1765636 0.1768773 0.2290298 0.1148902 0.2639064 0.2723135 0.1387593 0.1847661 0.1849531 0.1312807 0.2290298 0.2732080 0.2208590 0.1460421 0.1290650 0.2963820 0.2531378 0.2637937 0.1614000 0.1692907 0.1533757 0.4426390 0.1233606 0.1015690 0.1083634 0.1019913 0.0355205 0.0174710 0.1152115 0.1023089 0.0000010 0.1744805 0.0234313 0.1304060 0.0115842 0.1820268 0.1980272 0.0613957 0.0174655 0.2126990 0.0294490 0.1896353 0.2049119 0.0815071 0.1082746 0.2121293 0.1729900 0.2714488 0.1151599 0.2047674 0.1291072 0.1886710 0.2204832 0.1435979 0.2615208 0.1080242 0.1387593 0.2615208 0.1312807 0.2366513 0.2127525 0.1686237 0.2531378 0.2203055 0.1290650 
MT-4_1_330 0.2154190 0.0233875 0.1060999 0.1127921 0.0663774 0.1915981 0.1599847 0.0115777 0.0994584 0.1606070 0.0537768 0.1599847 0.1195352 0.0793114 0.1829400 0.1523932 0.1524054 0.0000000 0.1447853 0.0174400 0.0860368 0.1678829 0.0601085 0.0293476 0.1754175 0.0174730 0.2081480 0.0174334 0.1678133 0.1834498 0.0115821 0.0057666 0.0293476 0.1993746 0.1753447 0.2002527 0.1520063 0.0538118 0.1592837 0.0233429 0.1369416 0.0353852 0.1207689 0.1127921 0.1135208 0.1591626 0.1298730 0.0537588 0.1063910 0.1439338 0.1365861 0.1372903 0.0600484 0.0293021 0.0475813 0.0994976 0.1203813 0.1349282 0.1514956 0.1128367 0.1208646 0.0414724 0.1294388 0.0537588 0.1126994 0.2319332 0.1680318 0.1464544 0.1612036 0.1902027 0.2396894 0.2474944 0.1997545 0.1194805 0.1604131 0.1332096 0.1458764 0.1537791 0.1527936 0.1675318 0.2226793 0.1605400 0.1329465 0.1194333 0.1263173 0.1987046 0.1467454 0.2149131 0.1604765 0.1906246 0.1255064 0.1398767 0.1992998 0.1401575 0.2318391 0.1752292 0.1465122 0.1266265 0.1398214 0.2224850 0.1834924 0.1459911 0.1468035 0.1975015 0.2536388 0.1124419 0.1427745 0.1499345 0.2536388 0.2786282 0.1354101 0.2294780 0.2648843 0.1898107 0.2786282 0.1727104 0.1283959 0.2138668 0.2454938 0.1501759 0.2136045 0.2618419 0.1805582 0.1646861 0.2052550 0.1192042 0.2558968 0.2640679 0.1427745 0.1972202 0.1724054 0.1354101 0.2052550 0.2649069 0.1975015 0.1499345 0.1331670 0.2872561 0.2454938 0.2557898 0.1498511 0.1574017 0.1571413 0.4116540 0.0233875 0.1060999 0.1127921 0.0663774 0.1915981 0.1599847 0.1195352 0.0793114 0.1447853 0.0174334 0.1678133 0.0293476 0.1592837 0.0233429 0.0353852 0.1207689 0.1591626 0.0537588 0.1439338 0.0293021 0.0475813 0.0994976 0.1126994 0.1680318 0.1612036 0.2474944 0.1194805 0.1604131 0.1332096 0.1458764 0.1605400 0.1329465 0.2536388 0.1124419 0.1427745 0.2536388 0.1354101 0.2294780 0.1898107 0.1727104 0.2454938 0.2136045 0.1331670 
MT-4_1_390 0.2557241 0.1160863 0.0946068 0.1013289 0.0949917 0.0416888 0.0174710 0.1592837 0.0879376 0.0175244 0.0952152 0.0057766 0.1081042 0.0952810 0.0354482 0.0000010 0.0000010 0.1447853 0.0000000 0.1666858 0.0882439 0.0234402 0.0882888 0.1091299 0.0294256 0.1231045 0.0542102 0.1666172 0.0234313 0.0355205 0.1304594 0.1375644 0.1230543 0.0478503 0.0294144 0.0479769 0.0057660 0.2079682 0.0115764 0.1740783 0.0558153 0.1898593 0.0549171 0.1013289 0.0614581 0.0115764 0.0622911 0.2044122 0.0680991 0.0234207 0.0234353 0.0557197 0.2158847 0.1816012 0.1967114 0.0747576 0.0422495 0.0422726 0.0174643 0.0879376 0.0485535 0.1891490 0.0354883 0.2044122 0.1012493 0.2556819 0.2038730 0.1815117 0.1652269 0.2278076 0.2638801 0.2721322 0.2386943 0.1080593 0.1965725 0.1218542 0.1806972 0.1575802 0.1881509 0.2042685 0.2634617 0.2121119 0.1361692 0.1080160 0.1149276 0.2372156 0.1503479 0.2550535 0.1966535 0.2283691 0.1587933 0.1432901 0.2380885 0.1435867 0.2555746 0.2116068 0.1967345 0.1152027 0.1432321 0.2632132 0.2207341 0.1958977 0.1504088 0.2122091 0.2524471 0.1010186 0.1312704 0.1384711 0.2524471 0.2778603 0.1238924 0.2278490 0.2638834 0.2041957 0.2778603 0.1607793 0.1168426 0.2119520 0.2441555 0.1539631 0.2116872 0.2607975 0.1686100 0.1689002 0.2202867 0.1078100 0.2547368 0.2630560 0.1312704 0.1766897 0.1768629 0.1238924 0.2202867 0.2639064 0.2122091 0.1384711 0.1218145 0.2866457 0.2441555 0.2546283 0.1536193 0.1614000 0.1457227 0.4334250 0.1160863 0.0946068 0.1013289 0.0949917 0.0416888 0.0174710 0.1081042 0.0952810 0.0000010 0.1666172 0.0234313 0.1230543 0.0115764 0.1740783 0.1898593 0.0549171 0.0115764 0.2044122 0.0234207 0.1816012 0.1967114 0.0747576 0.1012493 0.2038730 0.1652269 0.2721322 0.1080593 0.1965725 0.1218542 0.1806972 0.2121119 0.1361692 0.2524471 0.1010186 0.1312704 0.2524471 0.1238924 0.2278490 0.2041957 0.1607793 0.2441555 0.2116872 0.1218145 
MT-4_1_340 0.2384486 0.0414210 0.1263791 0.1332263 0.0855028 0.1992912 0.1823580 0.0174334 0.1195825 0.1754852 0.0725688 0.1823580 0.1401240 0.0988062 0.1905195 0.1745384 0.1745525 0.0174400 0.1666858 0.0000000 0.1057650 0.1753447 0.0790885 0.0475212 0.1829400 0.0353669 0.2160180 0.0115733 0.1904404 0.1910570 0.0293021 0.0233429 0.0353534 0.2071285 0.1828640 0.2080604 0.1740783 0.0354300 0.1815264 0.0057645 0.1585475 0.0174743 0.1416415 0.1332263 0.1341265 0.1813853 0.1513083 0.0353964 0.1267367 0.1656709 0.1581064 0.1589664 0.0415125 0.0115777 0.0293714 0.1196298 0.1411602 0.1561957 0.1734737 0.1332791 0.1417562 0.0234059 0.1507722 0.0353964 0.1331042 0.2554496 0.1896327 0.1675318 0.1827069 0.1975017 0.2633505 0.2712962 0.2223955 0.1400464 0.1817823 0.1540964 0.1668347 0.1750667 0.1738942 0.1890521 0.2458005 0.1819260 0.1537791 0.1399909 0.1470439 0.2211375 0.1678768 0.2378659 0.1818541 0.2128116 0.1460494 0.1608670 0.2218686 0.1612036 0.2553462 0.1824075 0.1675980 0.1474310 0.1608033 0.2455818 0.2055540 0.1669660 0.1679433 0.2207671 0.2617334 0.1327891 0.1642598 0.1715884 0.2617334 0.3044273 0.1566712 0.2535335 0.2899254 0.2128954 0.2871339 0.1950639 0.1494906 0.2376017 0.2535335 0.1718892 0.2373094 0.2699899 0.2031520 0.1867356 0.2286998 0.1397109 0.2806786 0.2722895 0.1642598 0.2204181 0.1946891 0.1566712 0.2286998 0.2899504 0.2207671 0.1715884 0.1540471 0.2958165 0.2535335 0.2805618 0.1715018 0.1792837 0.1789609 0.4212379 0.0414210 0.1263791 0.1332263 0.0855028 0.1992912 0.1823580 0.1401240 0.0988062 0.1666858 0.0115733 0.1904404 0.0353534 0.1815264 0.0057645 0.0174743 0.1416415 0.1813853 0.0353964 0.1656709 0.0115777 0.0293714 0.1196298 0.1331042 0.1896327 0.1827069 0.2712962 0.1400464 0.1817823 0.1540964 0.1668347 0.1819260 0.1537791 0.2617334 0.1327891 0.1642598 0.2617334 0.1566712 0.2535335 0.2128954 0.1950639 0.2535335 0.2373094 0.1540471 
MT-4_1_100 0.1708701 0.0603048 0.0174670 0.0233799 0.0174993 0.1452594 0.1158737 0.0991115 0.0115996 0.1162956 0.0294659 0.1020925 0.0293384 0.0057771 0.1373608 0.0951585 0.0951657 0.0860368 0.0882439 0.1057650 0.0000000 0.1231821 0.0234331 0.0540385 0.1302685 0.0666261 0.1605761 0.1057235 0.1231319 0.1377119 0.0731321 0.0795429 0.0666002 0.1525742 0.1302153 0.1531562 0.0815666 0.1474222 0.0882084 0.1124293 0.0550147 0.1263636 0.0417579 0.0233799 0.0355451 0.0881470 0.0487050 0.1472284 0.0294198 0.0745895 0.0679927 0.0551337 0.1545022 0.1191903 0.1402173 0.0233977 0.0542376 0.0542351 0.0813234 0.0233888 0.0417876 0.1333149 0.0615136 0.1472284 0.0354835 0.1864383 0.1262519 0.0925063 0.0924984 0.1473823 0.1938918 0.2013978 0.1559855 0.0415770 0.1056741 0.0539210 0.0921897 0.0858032 0.0987202 0.1123767 0.1779232 0.1191813 0.0665955 0.0415611 0.0477228 0.1552789 0.0793294 0.1705001 0.1057156 0.1476840 0.0729434 0.0729664 0.1556585 0.0730929 0.1863634 0.1331400 0.1057572 0.0354123 0.0729380 0.1777730 0.1408118 0.1054230 0.0793603 0.1618317 0.2162650 0.0354139 0.0612310 0.0676553 0.2162650 0.2394904 0.0547742 0.1927645 0.2268127 0.1543745 0.2394904 0.1151030 0.0484762 0.1775721 0.2083417 0.0810544 0.1773544 0.2242501 0.1222902 0.1078646 0.1693529 0.0414945 0.2181809 0.2261468 0.0612310 0.1445509 0.1149429 0.0547742 0.1693529 0.2268319 0.1618317 0.0676553 0.0539040 0.2478917 0.2083417 0.2180888 0.0941464 0.1010672 0.0741304 0.3127395 0.0603048 0.0174670 0.0233799 0.0174993 0.1452594 0.1158737 0.0293384 0.0057771 0.0882439 0.1057235 0.1231319 0.0666002 0.0882084 0.1124293 0.1263636 0.0417579 0.0881470 0.1472284 0.0745895 0.1191903 0.1402173 0.0233977 0.0354835 0.1262519 0.0924984 0.2013978 0.0415770 0.1056741 0.0539210 0.0921897 0.1191813 0.0665955 0.2162650 0.0354139 0.0612310 0.2162650 0.0547742 0.1927645 0.1543745 0.1151030 0.2083417 0.1773544 0.0539040 
